Tabla número 0
[[-2, -10, -5, 0, 10], [1, 3, 5, -10], [-8, -3, 5], [0, 0], [-1]]
24.84606666666667
Tabla número 1
[[-1, -6, -7, 10, -9], [3, 9, 9, -6], [10, 1, 9], [9, -5], [-2]]
23.599
Tabla número 2
[[0, 0, 5, -10, -3], [6, 5, 9, -3], [7, 3, -3], [-2, 6], [-4]]
23.804999999999996
Tabla número 3
[[7, -5, -1, -5, 0], [-5, 7, 4, 5], [-8, 5, -8], [-9, -10], [-7]]
23.650266666666663
Tabla número 4
[[4, 10, 6, 7, -2], [5, -8, -1, -6], [6, -7, -9], [0, -1], [1]]
24.465333333333334
Tabla número 5
[[4, 8, -8, -5, -7], [-9, -10, 0, 6], [6, 2, -1], [3, 3], [8]]
23.599
Tabla número 6
[[-7, -6, -2, -7, 2], [5, -9, 0, 2], [-1, 3, 3], [-1, 0], [8]]
23.534
Tabla número 7
[[6, 3, 6, 7, -3], [3, -6, 10, -1], [-6, -8, -4], [-1, -5], [-8]]
23.804999999999996
Tabla número 8
[[0, 2, -8, 1, -3], [1, -5, 6, 7], [4, -8, -8], [7, 7], [8]]
23.804999999999996
Tabla número 9
[[-7, 4, -3, 2, -9], [-7, 6, -10, -3], [9, 4, 10], [10, -6], [-2]]
23.804999999999996
Tabla número 10
[[4, 5, 0, 1, 0], [-10, -6, -9, -1], [1, 0, 0], [9, -1], [10]]
23.650266666666663
Tabla número 11
[[4, 10, 5, 0, -5], [10, 4, -4, -8], [0, -1, -3], [-8, 10], [-3]]
23.599
Tabla número 12
[[2, 3, 5, 8, -4], [3, -9, 0, -8], [-1, -1, 3], [9, -1], [-10]]
23.534
Tabla número 13
[[-10, 1, -9, 0, 1], [8, -2, -3, -7], [-3, -4, -7], [0, -6], [-10]]
23.599
Tabla número 14
[[8, 9, -4, 7, -9], [9, -3, 5, -2], [9, -1, -7], [-9, -8], [-1]]
23.804999999999996
Tabla número 15
[[4, -10, -6, 0, 0], [10, 0, -3, 9], [4, 10, 7], [-8, -1], [-4]]
23.599
Tabla número 16
[[9, -7, 9, 3, -10], [-9, -9, 5, 5], [-10, -8, 1], [-5, 8], [-9]]
23.650266666666663
Tabla número 17
[[-4, 4, -1, -5, 4], [-7, -4, 6, 7], [10, 2, 3], [-5, -3], [1]]
23.650266666666663
Tabla número 18
[[-3, -3, 5, 9, 10], [4, 5, -3, 3], [10, 1, 4], [9, -1], [-6]]
23.884199999999996
Tabla número 19
[[4, 2, -7, -3, -9], [-10, -8, -10, 0], [4, -5, 0], [8, 0], [-5]]
23.884199999999996
Tabla número 20
[[-2, 6, -6, 3, -1], [5, -4, 8, 8], [5, -7, 9], [3, 9], [-10]]
24.00293333333334
Tabla número 21
[[9, -6, 1, -7, -10], [3, -6, 10, 5], [-1, -3, 6], [5, 9], [-7]]
25.164666666666665
Tabla número 22
[[-4, -9, -7, -2, -9], [0, -3, 5, 2], [-6, -7, 5], [-9, 0], [0]]
23.760600000000004
Tabla número 23
[[-8, 1, 2, -8, 5], [6, 3, 7, 7], [5, 7, -4], [-5, -8], [-10]]
24.549199999999995
Tabla número 24
[[2, -5, 7, 4, -6], [2, 6, 4, -5], [-1, 0, 7], [-8, 0], [0]]
25.13100000000001
Tabla número 25
[[6, -1, 3, -6, -1], [3, -8, -7, -4], [-2, 7, -6], [6, 4], [-7]]
25.02713333333333
Tabla número 26
[[-5, 8, 1, 10, 7], [1, -4, 2, -10], [6, -8, -7], [10, -8], [0]]
25.405466666666666
Tabla número 27
[[-2, -3, -7, -1, 5], [5, 0, -6, 10], [-2, 4, -7], [0, 9], [-3]]
24.405599999999996
Tabla número 28
[[-9, -9, 8, -7, -5], [-4, -4, 4, 0], [-6, 10, 5], [-3, -4], [7]]
25.797266666666665
Tabla número 29
[[-8, 7, 10, 6, 7], [-9, 1, 4, 10], [-2, 8, -9], [4, -5], [-10]]
24.54606666666667
Tabla número 30
[[6, -4, -2, -3, 6], [-5, -9, 0, 1], [-6, 7, 0], [-1, 6], [0]]
25.491466666666668
Tabla número 31
[[1, 4, 0, -5, 10], [-5, -8, 9, 0], [10, -7, 9], [4, 0], [5]]
25.506000000000004
Tabla número 32
[[4, 7, -9, -7, 1], [-3, -1, 6, -6], [-2, -3, -7], [-8, -8], [6]]
23.599
Tabla número 33
[[-5, 4, -8, 10, 10], [1, -10, -6, 0], [-2, 9, 10], [0, -6], [-8]]
23.599
Tabla número 34
[[4, 2, -3, 10, 0], [-8, -3, -10, -4], [3, -3, -1], [-2, 3], [-6]]
25.830733333333338
Tabla número 35
[[1, 5, 0, 0, -7], [-9, -10, -9, -4], [-10, 5, 3], [-8, -1], [2]]
25.83766666666667
Tabla número 36
[[-1, 9, 4, 10, -2], [4, 0, 8, -2], [-2, -1, 5], [7, -8], [-6]]
24.2414
Tabla número 37
[[5, 6, 5, 0, 8], [2, -6, 6, 8], [-9, -4, -5], [8, -4], [-4]]
24.17493333333334
Tabla número 38
[[6, 4, -7, 0, 5], [10, 0, -6, 6], [5, 4, -3], [-9, -9], [-3]]
24.56253333333333
Tabla número 39
[[-8, 2, -8, -3, 8], [-1, 9, 9, -5], [-8, 7, -7], [8, 7], [-10]]
24.25573333333334
