Tabla número 0
[[4, 4, -7, 10, -3], [-9, -3, 2, 3], [4, 7, -4], [-9, -3], [-1]]
23.534
Tabla número 1
[[1, 1, 9, -7, -7], [7, -10, 8, -10], [6, -10, -7], [-8, 8], [-4]]
23.534
Tabla número 2
[[4, -3, 6, -5, 1], [-5, -1, 10, -9], [-2, -1, -9], [7, -1], [3]]
23.534
Tabla número 3
[[-1, 2, -3, 10, -3], [2, 1, -9, -4], [-6, 7, 5], [-7, -10], [-2]]
24.080999999999996
Tabla número 4
[[-5, -5, 5, 6, 5], [8, -9, -1, 6], [-6, -1, -1], [8, 10], [-7]]
23.534
Tabla número 5
[[4, -9, -9, 0, 0], [-5, -4, -3, -3], [-2, -7, -3], [7, -1], [1]]
23.534
Tabla número 6
[[-2, -1, -6, -5, 0], [1, -8, 10, -5], [-2, 5, -7], [-8, -5], [-10]]
23.534
Tabla número 7
[[2, 4, -2, 4, 0], [1, -10, 4, -6], [10, 4, -6], [3, -6], [6]]
23.534
Tabla número 8
[[4, 6, -1, -7, -3], [10, 0, -3, -6], [-8, -7, 5], [9, 9], [7]]
23.534
Tabla número 9
[[5, -10, 3, -6, 10], [-7, 6, 4, 8], [4, 5, -8], [-1, 0], [-6]]
23.534
Tabla número 10
[[4, 10, 0, -7, 2], [3, -2, 5, -6], [6, 1, 5], [-8, 0], [-3]]
23.534
Tabla número 11
[[6, 3, -3, -10, -2], [1, 9, 0, 5], [1, 2, -8], [9, 1], [1]]
23.534
Tabla número 12
[[9, -4, 6, -1, 8], [10, 7, -10, 2], [10, 7, -6], [-2, -8], [-3]]
23.534
Tabla número 13
[[0, -1, -9, 0, 6], [-10, -3, 9, 2], [10, 4, 10], [10, 3], [-4]]
23.534
Tabla número 14
[[6, 1, -7, 0, 0], [9, -4, -8, -4], [-2, 2, 0], [-1, -1], [-1]]
23.534
Tabla número 15
[[-3, -4, -8, 10, -7], [-5, -4, -3, 0], [6, 3, -5], [5, 9], [0]]
23.534
Tabla número 16
[[-8, 0, 0, -10, -5], [5, -10, 6, 0], [-3, -3, -7], [0, 0], [-9]]
23.534
Tabla número 17
[[-4, -5, 6, 0, 10], [-4, 5, 0, 9], [2, -3, -3], [5, 7], [5]]
23.534
Tabla número 18
[[-1, 2, -2, 7, 8], [-10, 3, 5, -3], [-2, 3, 0], [-4, 0], [2]]
23.534
Tabla número 19
[[8, -10, 0, 9, -10], [3, -3, 6, -8], [-1, -5, 10], [0, -5], [-10]]
23.534
Tabla número 20
[[4, 2, 1, 2, -9], [-3, 1, 8, -4], [9, -1, -1], [-5, 7], [5]]
24.395466666666668
Tabla número 21
[[-7, 4, -8, -8, -5], [-1, 9, -6, 1], [5, 1, -9], [2, 9], [-10]]
24.48926666666667
Tabla número 22
[[-2, -7, -2, 0, 7], [-9, -8, 9, 8], [-10, -3, -4], [4, 8], [-2]]
23.534
Tabla número 23
[[6, 6, -8, -3, 8], [4, -6, 0, 5], [2, -8, -5], [0, -6], [-3]]
25.865133333333333
Tabla número 24
[[-2, 7, -7, 0, -6], [-3, 4, -3, -1], [4, -5, 6], [7, 7], [-2]]
24.205999999999996
Tabla número 25
[[-8, 2, 0, -5, 1], [4, -8, 8, 0], [0, 0, 7], [6, 0], [-10]]
23.763133333333332
Tabla número 26
[[1, -8, -4, 3, 4], [-9, -6, -7, 7], [-1, -8, 3], [-2, -9], [8]]
25.724200000000003
Tabla número 27
[[4, 8, -6, 0, 0], [2, -2, -4, 7], [-1, 10, 0], [-9, -4], [8]]
24.175
Tabla número 28
[[-10, -3, -7, -5, 10], [3, 0, 0, 0], [6, -8, -8], [7, -8], [7]]
26.103066666666667
Tabla número 29
[[6, 4, -1, -3, 4], [5, -5, 7, -7], [-6, 8, 9], [5, -6], [-4]]
24.679200000000005
Tabla número 30
[[0, -6, 8, 1, -9], [3, 5, 6, 7], [-9, 0, 4], [9, 9], [-5]]
23.534
Tabla número 31
[[7, 4, -5, 10, -2], [1, -9, 10, -6], [-6, 7, -7], [10, -8], [0]]
23.534
Tabla número 32
[[3, 7, 7, -2, -1], [5, -6, 4, 10], [7, 7, 9], [10, 6], [2]]
24.817199999999996
Tabla número 33
[[-4, -6, 5, 0, -4], [3, -8, -6, -8], [5, 1, 3], [4, -1], [-8]]
26.01973333333334
Tabla número 34
[[-9, 5, 2, 7, -9], [5, 8, -10, -6], [-10, -7, 7], [-3, 6], [-8]]
23.534
Tabla número 35
[[-5, 3, -8, -7, -1], [-9, 0, -9, -1], [-8, -1, -7], [-7, -4], [8]]
23.534
Tabla número 36
[[2, -6, -7, 7, -9], [-7, 6, 9, 5], [-10, 4, -5], [-5, -8], [-7]]
26.148933333333336
Tabla número 37
[[-8, 4, 10, 1, 5], [-8, -2, 9, 0], [-2, 9, 1], [-9, -8], [-2]]
23.490200000000005
Tabla número 38
[[4, -9, 5, -3, -9], [9, -3, 6, -7], [8, 0, -7], [9, -1], [-9]]
23.534
Tabla número 39
[[9, 10, 4, 8, 10], [6, 3, -10, -5], [9, -7, -3], [1, 4], [1]]
23.534
