Tabla número 0
[[0, 4, 1, 1, 4], [3, 1, 6, 8], [-1, -1, -6], [10, 9], [-3]]
23.534
Tabla número 1
[[-9, 1, 10, 10, -9], [3, -4, -10, 0], [-9, 7, -7], [-4, -5], [0]]
24.675799999999995
Tabla número 2
[[-1, -3, -9, 8, -2], [-9, -10, 9, 0], [-2, -7, -5], [4, 6], [-5]]
24.701133333333335
Tabla número 3
[[-1, -9, -7, 10, -3], [-5, 3, -10, -1], [9, 2, -8], [-5, 0], [-2]]
23.534
Tabla número 4
[[-2, -7, -8, -7, 10], [3, -6, 0, 5], [-6, 0, 0], [-5, -8], [-10]]
23.534
Tabla número 5
[[-4, -6, 0, 7, -4], [-5, -9, 5, -8], [-2, 8, -5], [-9, -8], [-6]]
23.534
Tabla número 6
[[6, -1, -1, -5, -1], [9, -4, 6, 0], [-8, -1, 0], [7, 0], [-10]]
23.534
Tabla número 7
[[-10, -9, -2, 6, 10], [-9, 8, 4, -5], [8, 3, -1], [9, -8], [7]]
23.534
Tabla número 8
[[6, 8, 8, -7, -9], [-3, -3, 6, -7], [-6, 0, -4], [7, -4], [2]]
23.534
Tabla número 9
[[-7, -10, 5, 10, -3], [3, 6, 0, -3], [4, 3, -3], [-9, 7], [-1]]
23.534
Tabla número 10
[[4, 4, 1, 0, 0], [-4, 5, 5, 5], [6, 4, -7], [0, -8], [-9]]
23.534
Tabla número 11
[[4, -6, 5, 2, -9], [6, 6, -3, 7], [7, -8, -3], [6, -5], [-10]]
23.534
Tabla número 12
[[-8, -5, -7, -5, 0], [-10, 0, 5, 2], [10, 4, -8], [-1, -10], [-7]]
23.534
Tabla número 13
[[4, 10, -7, -10, -7], [1, 0, 8, -4], [5, -5, 10], [-8, -1], [-4]]
23.534
Tabla número 14
[[1, -1, -3, 4, 7], [7, -8, 9, 0], [-10, 7, -5], [-8, -1], [-7]]
23.534
Tabla número 15
[[-2, 2, 0, -7, -9], [2, -10, -6, -10], [0, 7, 4], [-2, 0], [-3]]
23.534
Tabla número 16
[[9, -10, -6, -2, -6], [-1, 5, -7, 3], [6, 1, -7], [-8, 10], [-6]]
23.534
Tabla número 17
[[2, 6, 7, 1, -5], [1, -1, 5, 7], [1, 0, -7], [-9, -3], [-6]]
23.534
Tabla número 18
[[1, 1, 9, 3, -9], [4, -10, 7, -6], [-1, -3, 9], [9, -8], [1]]
23.534
Tabla número 19
[[-8, 4, 5, 0, 1], [-5, -5, 6, -5], [2, 1, 7], [-2, -1], [8]]
23.534
Tabla número 20
[[4, 2, -4, 0, -3], [8, 9, 9, -9], [-6, -1, 9], [4, -6], [-2]]
23.932333333333336
Tabla número 21
[[2, 3, -3, 9, -1], [-7, 3, -9, -4], [-2, 1, -1], [9, 6], [-8]]
24.848733333333332
Tabla número 22
[[4, -5, -8, 10, 0], [-9, -6, -1, -3], [-10, -7, 3], [8, -5], [-9]]
25.0316
Tabla número 23
[[5, 2, -7, -6, -7], [1, -2, 9, -4], [4, -3, 3], [3, -1], [0]]
25.549733333333336
Tabla número 24
[[4, 7, 4, 3, 10], [-7, 4, -6, -6], [6, -8, 7], [-2, 0], [6]]
24.119799999999998
Tabla número 25
[[-4, 8, -6, -3, 5], [4, -8, 10, -6], [-2, 5, -7], [-9, -1], [8]]
23.534
Tabla número 26
[[8, 10, -7, -3, 0], [5, -4, -10, -6], [1, 2, 5], [0, 4], [1]]
24.59026666666667
Tabla número 27
[[4, 6, -2, -7, -10], [9, -9, 8, 5], [4, 10, 5], [-4, 8], [-2]]
24.470933333333335
Tabla número 28
[[9, -4, -8, 10, -5], [10, 7, -9, 8], [6, 7, -7], [9, 9], [-7]]
25.062000000000005
Tabla número 29
[[-8, 7, 5, -3, -2], [-8, 9, -6, 7], [-3, -8, -4], [0, -9], [5]]
23.534
Tabla número 30
[[-5, -6, -1, -5, 8], [-10, -3, 4, 9], [-6, -1, -9], [-1, -1], [-4]]
24.965400000000002
Tabla número 31
[[7, -3, -5, 0, 8], [1, -9, 0, 6], [-10, -8, 0], [8, 7], [-8]]
24.718333333333337
Tabla número 32
[[-7, 5, 3, -1, 6], [-9, -8, -4, 10], [-8, -7, -8], [0, -6], [-10]]
25.044400000000003
Tabla número 33
[[-3, 5, 2, 0, -10], [3, 1, -3, 2], [-2, -7, 10], [-3, 3], [-8]]
24.277800000000003
Tabla número 34
[[6, 2, -8, -5, 8], [5, -3, 4, -8], [9, 5, -9], [10, -6], [0]]
24.848733333333332
Tabla número 35
[[0, 0, 6, 0, 1], [10, -8, 10, 0], [-1, -3, 6], [3, 9], [-10]]
24.848733333333332
Tabla número 36
[[-5, -8, -9, -8, 2], [2, -3, 2, -1], [10, 10, 1], [7, 9], [-1]]
23.412733333333335
Tabla número 37
[[-2, 4, 0, 0, 4], [1, -4, -8, -1], [9, 10, -3], [7, -4], [5]]
26.42813333333333
Tabla número 38
[[6, 3, -2, 7, 10], [5, -6, 0, 1], [10, 4, 9], [-1, 0], [-3]]
24.848733333333332
Tabla número 39
[[4, 4, 6, 7, 5], [5, 0, -3, -6], [-2, 9, 5], [-5, 0], [1]]
23.534
