Tabla número 0
[[4, 4, -2, -10, -9], [-5, -3, -10, -4], [10, 0, 6], [7, 9], [-10]]
23.534
Tabla número 1
[[-8, 6, 6, 10, -10], [-7, 6, 4, -3], [-2, -5, -3], [0, 7], [-6]]
23.534
Tabla número 2
[[-4, -6, 5, -5, 1], [3, -8, -6, -9], [-2, 1, -9], [4, -1], [3]]
23.534
Tabla número 3
[[4, -7, -8, 7, 0], [-4, -10, 9, -4], [2, 7, -5], [9, 9], [-9]]
23.534
Tabla número 4
[[2, -1, -6, 0, 0], [-8, 0, 4, -6], [-2, 5, -7], [3, -1], [7]]
23.534
Tabla número 5
[[1, 7, -3, 8, 8], [1, 4, 5, -7], [0, -7, 7], [5, 9], [7]]
23.534
Tabla número 6
[[4, -6, 3, 7, -9], [7, 3, -3, -10], [9, -1, 9], [-5, -9], [2]]
23.534
Tabla número 7
[[7, -3, -1, 0, -3], [1, -8, 6, -1], [-1, -3, -7], [-8, -1], [-10]]
23.534
Tabla número 8
[[2, 2, -8, 10, 0], [10, -8, 5, 5], [-8, 9, -7], [2, -8], [-6]]
23.534
Tabla número 9
[[4, 4, -2, -5, 7], [5, -6, 0, 1], [5, 5, -6], [-9, 2], [8]]
23.534
Tabla número 10
[[1, -8, -4, 0, 4], [-5, -8, 10, 8], [2, 7, -3], [-2, 4], [1]]
23.534
Tabla número 11
[[2, -10, 2, -8, -9], [5, -10, 1, 5], [-10, 4, 3], [-3, 0], [-3]]
23.534
Tabla número 12
[[9, -4, 7, 1, 8], [10, -6, -10, 0], [10, -10, 1], [10, 6], [-2]]
23.534
Tabla número 13
[[-3, 1, -7, 7, 0], [5, -10, -3, 10], [-2, -8, 2], [-1, 0], [-6]]
23.534
Tabla número 14
[[8, -3, 0, 10, 8], [3, 3, 6, -8], [6, -5, 10], [-7, 9], [-5]]
23.534
Tabla número 15
[[6, 10, 10, -6, -3], [-9, -2, 4, -4], [-2, 2, 5], [0, 7], [-4]]
23.534
Tabla número 16
[[-2, -4, -1, -10, -2], [1, -1, 0, 0], [4, 4, -5], [5, -5], [-9]]
23.534
Tabla número 17
[[9, 4, 1, 9, -3], [-9, -6, -7, 8], [-1, -3, 7], [-1, 8], [-1]]
23.534
Tabla número 18
[[0, 4, -8, 10, 4], [3, -9, -9, -6], [2, -1, -5], [10, -8], [0]]
23.534
Tabla número 19
[[-7, -5, -2, -3, 10], [4, -3, 0, -1], [-6, 7, 0], [-9, -10], [5]]
23.534
Tabla número 20
[[-8, 2, -6, -7, -5], [-9, 0, 2, 5], [-8, 7, -1], [9, -8], [-8]]
25.431666666666672
Tabla número 21
[[-5, 5, -7, -8, -7], [-1, 5, -9, 3], [4, 1, -9], [5, -6], [2]]
24.348733333333332
Tabla número 22
[[-2, 3, 6, 1, 10], [2, 9, 8, 0], [6, 0, -4], [4, -6], [1]]
25.116133333333334
Tabla número 23
[[-4, 3, -3, 0, -1], [-9, 7, -9, 9], [-10, -1, 9], [-7, 6], [2]]
25.383600000000005
Tabla número 24
[[6, 8, 5, -7, -1], [5, 5, -6, 7], [8, 1, 5], [7, -4], [-10]]
23.782533333333337
Tabla número 25
[[-8, 4, 4, -7, 0], [2, 9, 8, 2], [-3, 3, -6], [7, -6], [5]]
24.77146666666666
Tabla número 26
[[4, 6, 6, -5, 10], [9, -8, 7, 7], [-6, 7, 0], [-9, 1], [-3]]
24.0404
Tabla número 27
[[3, 10, -7, 0, 2], [1, 1, 10, 0], [7, 3, 0], [6, 0], [-2]]
24.51813333333333
Tabla número 28
[[4, 2, 0, -3, -7], [6, 6, 10, 2], [9, 8, -8], [-5, -5], [0]]
24.82273333333333
Tabla número 29
[[6, 0, -7, 10, 5], [-10, -5, 8, -3], [-2, -7, -3], [9, -8], [-10]]
25.3138
Tabla número 30
[[-9, -6, 9, 4, 10], [-3, -10, 6, -8], [-10, -7, 3], [-2, -8], [8]]
24.813266666666667
Tabla número 31
[[-2, 7, 0, 0, -5], [3, -2, -3, -6], [6, 7, 4], [-4, 0], [-8]]
25.087933333333336
Tabla número 32
[[-10, -9, -8, -5, -9], [-5, -4, 9, -6], [8, 2, -7], [-8, -1], [-10]]
26.506600000000006
Tabla número 33
[[6, 4, -5, -7, -9], [-7, -4, -10, 7], [4, -7, 7], [-8, 9], [-7]]
25.07086666666667
Tabla número 34
[[-5, -5, -9, 0, 5], [7, -3, 9, 2], [1, -8, 10], [10, 10], [-7]]
24.4448
Tabla número 35
[[-8, -1, 5, 0, -6], [-10, -9, -8, -7], [10, 4, -1], [8, 3], [-4]]
25.702066666666664
Tabla número 36
[[0, 1, -7, 6, 6], [-3, 1, -1, 6], [-6, -1, -8], [9, -1], [8]]
23.534
Tabla número 37
[[-5, -10, -9, -7, -4], [-1, 8, -3, -5], [-9, 10, -8], [7, 0], [1]]
23.534
Tabla número 38
[[4, 2, 0, -3, -2], [3, -2, 9, 0], [-1, -8, -7], [0, -4], [5]]
25.07053333333333
Tabla número 39
[[5, -9, 8, 1, 1], [1, 0, -4, -5], [-3, 0, -7], [1, -3], [-4]]
25.567666666666664
