Tabla número 0
[[2, 5, 2, 7, 0], [5, -10, 4, -6], [-10, 4, -6], [3, -6], [-9]]
23.534
Tabla número 1
[[-7, 4, -8, -7, -5], [-9, 0, -6, -1], [-8, -1, -7], [2, -4], [-10]]
23.534
Tabla número 2
[[4, -9, -7, 0, -6], [-3, 6, 10, -7], [4, -5, -7], [9, -8], [-2]]
23.534
Tabla número 3
[[4, -9, -9, 0, 0], [-5, -4, 10, -5], [-2, 5, -3], [-8, -1], [-10]]
23.534
Tabla número 4
[[-8, -1, 0, -5, 2], [-3, -8, 5, 0], [-3, 9, 5], [-8, -5], [5]]
23.534
Tabla número 5
[[0, -5, 5, 6, 6], [-10, -3, -1, 6], [-6, -1, 10], [8, 3], [-7]]
23.534
Tabla número 6
[[4, 1, 3, -5, -9], [7, 3, -10, -10], [9, -1, -7], [-5, 0], [2]]
23.534
Tabla número 7
[[-5, 3, -8, -8, -1], [-1, 9, -9, 1], [5, 1, -9], [-7, 9], [8]]
23.534
Tabla número 8
[[9, 2, 4, 9, 8], [-10, -6, 5, 8], [2, -8, -3], [0, -6], [1]]
23.534
Tabla número 9
[[9, -4, 6, -1, 8], [10, 7, -10, 2], [10, 7, -6], [-2, -8], [-3]]
23.534
Tabla número 10
[[-5, -1, -9, 0, 5], [7, -9, 9, 2], [10, 4, -1], [10, 10], [-4]]
23.534
Tabla número 11
[[6, 3, -3, -10, -2], [1, 9, 0, 5], [1, 2, -8], [9, 1], [1]]
23.534
Tabla número 12
[[6, 1, -7, 0, 0], [9, -4, -8, -4], [-2, 2, 0], [-1, -1], [-1]]
23.534
Tabla número 13
[[-8, 4, 7, -2, -1], [5, -6, 8, 0], [7, -10, 1], [10, 6], [-2]]
23.534
Tabla número 14
[[2, 4, -5, 10, -9], [-7, -9, 9, 5], [-6, 7, -5], [10, -8], [-7]]
23.534
Tabla número 15
[[1, 2, 9, -7, 5], [3, -10, 9, -4], [-2, -3, -1], [-8, 8], [5]]
23.534
Tabla número 16
[[4, 8, -6, 0, 0], [2, -2, -4, 7], [-1, 10, 0], [-9, -4], [8]]
23.534
Tabla número 17
[[5, 2, 0, -6, -3], [6, -2, 8, -4], [9, 3, 0], [-4, -10], [-4]]
23.534
Tabla número 18
[[-2, 4, -2, 4, -9], [1, -3, -10, -6], [10, -7, 6], [7, -1], [6]]
23.534
Tabla número 19
[[-4, -6, 5, -5, 1], [3, -8, -6, -9], [-2, 1, -9], [4, -1], [3]]
23.534
Tabla número 20
[[-10, -3, -7, -5, -9], [3, 0, 0, 0], [8, -8, -8], [-3, 6], [7]]
25.588333333333335
Tabla número 21
[[-9, 7, 5, -3, 10], [9, 8, 6, -1], [2, 0, 7], [7, -8], [-8]]
25.328333333333333
Tabla número 22
[[2, 2, 1, 8, 1], [-1, 5, -9, -5], [0, -3, 7], [1, 4], [5]]
25.52066666666667
Tabla número 23
[[-4, 10, -3, 0, 10], [2, 1, 8, 9], [-6, 7, 5], [6, 7], [-2]]
24.901933333333332
Tabla número 24
[[-3, -4, -8, 10, 8], [-5, -4, -3, -8], [6, -7, -5], [-7, 9], [0]]
25.130266666666664
Tabla número 25
[[8, -10, 0, 10, -7], [3, 3, -9, 0], [4, 3, 10], [5, 0], [-10]]
25.687933333333337
Tabla número 26
[[-8, -10, -8, 7, 10], [-4, 1, 0, 5], [2, 5, -5], [5, 0], [-3]]
24.285333333333327
Tabla número 27
[[6, -5, 6, 10, 10], [-7, 6, 0, 0], [-1, 0, -3], [-1, 7], [-10]]
24.883199999999995
Tabla número 28
[[6, 4, -1, -3, 4], [5, -5, 7, -7], [8, 8, 9], [5, -6], [-4]]
24.1452
Tabla número 29
[[-1, 6, -2, -3, -10], [4, -3, 4, -3], [-2, -5, -8], [0, -5], [-6]]
23.534
Tabla número 30
[[0, -6, 8, 1, -3], [3, -3, 2, 7], [4, 7, 4], [-9, -3], [-1]]
23.826199999999996
Tabla número 31
[[4, 4, -7, 10, -9], [-9, 5, 6, 3], [-9, 0, -4], [9, 9], [-5]]
24.408
Tabla número 32
[[4, 6, -1, -10, -4], [-5, -8, -3, -8], [5, -1, 3], [7, 9], [-8]]
23.534
Tabla número 33
[[4, 0, -6, -7, 0], [10, 0, -3, -6], [-8, -7, -7], [9, 0], [7]]
23.534
Tabla número 34
[[-2, -7, -2, 3, 7], [-9, -6, 9, 7], [-10, -8, 3], [4, -9], [8]]
24.408066666666667
Tabla número 35
[[1, -8, -4, 0, 4], [-9, -8, -7, 8], [-1, -3, -4], [-2, 8], [-2]]
25.253333333333337
Tabla número 36
[[4, 10, 10, 1, -7], [1, -10, 4, 10], [6, 7, 9], [-9, -8], [-9]]
24.121199999999998
Tabla número 37
[[3, 7, 0, -7, -5], [-8, -2, 6, -6], [6, 1, -7], [7, 0], [2]]
25.42793333333334
Tabla número 38
[[7, -3, -7, 0, -3], [1, 4, 10, -3], [-10, -7, -7], [-5, -1], [0]]
25.522266666666667
Tabla número 39
[[-2, -6, 6, 7, -2], [5, -1, -3, -6], [-2, 4, 2], [0, 7], [1]]
25.025466666666663
