Tabla número 0
[[-2, -7, -8, -7, 10], [3, -6, 0, 5], [-6, 0, 0], [-5, -8], [-10]]
23.534
Tabla número 1
[[2, 3, -3, 9, -1], [-7, 3, -9, -4], [-2, 1, -1], [9, 6], [-8]]
24.848733333333332
Tabla número 2
[[-2, -8, 0, 0, 2], [1, -4, 2, -1], [9, 10, -3], [7, -4], [10]]
23.534
Tabla número 3
[[5, -5, -7, -6, 0], [1, -2, 9, -3], [-10, -3, 3], [3, -5], [-9]]
23.534
Tabla número 4
[[6, 2, -8, -5, 8], [5, -3, 4, -8], [9, 5, -9], [10, -6], [0]]
24.119799999999998
Tabla número 5
[[-8, 7, 5, -3, -2], [-8, 9, -6, 7], [-3, -8, -4], [0, -9], [5]]
23.534
Tabla número 6
[[0, 4, 1, 1, 4], [3, 1, 6, 8], [-1, -1, -6], [10, 9], [-3]]
23.534
Tabla número 7
[[-1, -9, -7, 10, -3], [-5, 3, -10, -1], [9, 2, -8], [-5, 0], [-2]]
23.534
Tabla número 8
[[4, 7, 4, 3, 10], [-7, 4, -6, -6], [6, -8, 7], [-2, 0], [6]]
23.534
Tabla número 9
[[0, 0, 6, 0, 1], [10, -8, 10, 0], [-1, -3, 6], [3, 9], [-10]]
23.534
Tabla número 10
[[-8, 4, 5, 0, 1], [-5, -5, 6, -5], [2, 1, 7], [-2, -1], [8]]
23.534
Tabla número 11
[[6, 3, -2, 7, 10], [5, -6, 0, 1], [10, 4, 9], [-1, 0], [-3]]
23.534
Tabla número 12
[[-7, 5, 3, 0, 6], [3, 1, -3, 2], [-8, -7, -8], [-3, -6], [-10]]
23.534
Tabla número 13
[[8, 6, -7, -3, -10], [9, -9, 8, -6], [4, 2, 5], [0, 4], [-2]]
23.534
Tabla número 14
[[-10, -9, -2, 6, 10], [-9, 8, 4, -5], [8, 3, -1], [9, -8], [7]]
23.534
Tabla número 15
[[-4, -6, 0, 7, -4], [-5, -9, 5, -8], [-2, 8, -5], [-9, -8], [-6]]
23.534
Tabla número 16
[[4, 10, -2, -7, 0], [5, -4, -10, 5], [1, 10, 5], [-4, 8], [1]]
23.534
Tabla número 17
[[-4, 8, -6, -3, 5], [4, -8, 10, -6], [-2, 5, -7], [-9, -1], [8]]
23.534
Tabla número 18
[[4, 4, 1, 0, 0], [-4, 5, 5, 5], [6, 4, -7], [0, -8], [-9]]
23.534
Tabla número 19
[[-5, 4, -9, -8, 4], [2, -3, -3, -1], [10, 10, 1], [7, 9], [5]]
23.534
Tabla número 20
[[1, -1, -3, 4, 7], [7, -8, 9, 0], [-10, 7, -5], [-8, -1], [-7]]
23.932333333333336
Tabla número 21
[[4, 2, -4, 0, -3], [8, 9, 9, -9], [-6, -1, 9], [4, -6], [-2]]
24.675799999999995
Tabla número 22
[[-8, -5, -7, -5, 0], [-10, 0, 5, 2], [10, 4, -8], [-1, -10], [-7]]
24.701133333333335
Tabla número 23
[[7, -6, -1, 0, 8], [1, -3, 0, 6], [-6, -1, 0], [8, 7], [-4]]
25.066399999999998
Tabla número 24
[[-9, 1, 10, 10, -9], [3, -4, -10, 0], [-9, 7, -7], [-4, -5], [0]]
23.906866666666666
Tabla número 25
[[6, -1, -1, -5, -1], [9, -4, 6, 0], [-8, -1, 0], [7, 0], [-10]]
24.815599999999996
Tabla número 26
[[-1, -3, -9, 8, -2], [-9, -10, 9, 0], [-2, -7, -5], [4, 6], [-5]]
25.261400000000002
Tabla número 27
[[9, -4, -8, 10, -5], [10, 7, -9, 8], [6, 7, -7], [9, 3], [-7]]
24.650533333333335
Tabla número 28
[[2, 6, 7, 1, -5], [1, -1, 5, 7], [1, 0, -7], [-9, -3], [-6]]
25.594400000000004
Tabla número 29
[[-5, -3, -5, -5, 8], [-10, -9, 4, 9], [-1, -8, -9], [-1, -1], [-8]]
26.1942
Tabla número 30
[[-7, -10, 5, 10, -3], [3, 6, 0, -3], [4, 3, -3], [-9, 7], [-1]]
23.534
Tabla número 31
[[6, 8, 8, -7, -9], [-3, -3, 6, -7], [-6, 0, -4], [7, -4], [2]]
23.534
Tabla número 32
[[-3, 5, 2, -1, -10], [-9, -8, -4, 10], [-2, -7, 10], [0, 3], [-8]]
23.534
Tabla número 33
[[4, 2, -8, 10, -7], [-9, -6, -1, -4], [4, -7, 3], [8, -1], [0]]
24.630666666666666
Tabla número 34
[[1, 1, 9, 3, -9], [4, -10, 7, -6], [-1, -3, 9], [9, -8], [1]]
24.6054
Tabla número 35
[[9, -10, -6, -2, -6], [-1, 5, -7, 3], [6, 1, -7], [-8, 10], [-6]]
23.534
Tabla número 36
[[4, -6, 5, 2, -9], [6, 6, -3, 7], [7, -8, -3], [6, -5], [-10]]
24.630666666666666
Tabla número 37
[[4, 10, -7, -10, -7], [1, 0, 8, -4], [5, -5, 10], [-8, -1], [-4]]
24.119799999999998
Tabla número 38
[[4, 4, 6, 7, 5], [5, 0, -3, -6], [-2, 9, 5], [-5, 0], [1]]
24.119799999999998
Tabla número 39
[[-2, 2, 0, -7, -9], [2, -10, -6, -10], [0, 7, 4], [-2, 0], [-3]]
24.119799999999998
