Tabla número 0
[[-4, -6, 5, -5, 1], [3, -8, -6, -9], [-2, 1, -9], [4, -1], [3]]
23.534
Tabla número 1
[[2, -1, -6, 0, 0], [-8, 0, 4, -6], [-2, 5, -7], [3, -1], [7]]
23.534
Tabla número 2
[[-8, -5, 5, 0, -6], [-10, -3, -8, -7], [1, -8, 10], [8, 3], [-7]]
23.534
Tabla número 3
[[4, 2, -7, -3, 5], [-10, 6, 10, -3], [-2, 8, -3], [-5, -8], [0]]
23.534
Tabla número 4
[[2, 2, -8, 10, 0], [10, -8, 5, 5], [-8, 9, -7], [2, -8], [-6]]
23.534
Tabla número 5
[[5, -9, 0, -3, -2], [1, -2, -4, -5], [-3, -8, -7], [0, -4], [5]]
23.534
Tabla número 6
[[1, 7, -3, 8, 8], [1, 4, 5, -7], [0, -7, 7], [5, 9], [7]]
23.534
Tabla número 7
[[-8, 2, -6, -7, -5], [-9, 0, 2, 5], [-8, 7, -1], [9, -8], [-1]]
23.534
Tabla número 8
[[-7, -5, -2, -3, 10], [4, -3, 0, -1], [-6, 7, 0], [-9, -10], [5]]
23.534
Tabla número 9
[[6, 0, 0, 10, -7], [6, -5, 8, -6], [9, -7, -8], [9, -5], [-10]]
23.534
Tabla número 10
[[-5, -10, -9, -7, -4], [-1, 8, -3, -5], [-9, 10, -8], [7, 0], [1]]
23.534
Tabla número 11
[[-3, 4, -7, 7, 0], [-5, -4, -3, -6], [8, -8, 2], [-8, 9], [-10]]
23.534
Tabla número 12
[[-2, -4, -1, -10, 8], [1, -1, 0, -8], [6, -5, -5], [-7, -5], [-9]]
23.534
Tabla número 13
[[4, 4, 8, 1, -3], [3, 0, 9, 0], [-1, 0, -7], [-1, -3], [-4]]
23.534
Tabla número 14
[[-1, 6, 6, 10, -10], [-7, 6, 4, -3], [-2, -5, -3], [0, 7], [-6]]
23.534
Tabla número 15
[[2, -10, 2, -8, -9], [5, -10, 1, 5], [-10, 4, 3], [-3, 0], [-3]]
23.534
Tabla número 16
[[0, 1, -7, 6, 6], [-3, 1, -1, 6], [-6, -1, -8], [9, -1], [8]]
23.534
Tabla número 17
[[4, 10, -7, 0, 10], [9, 1, 10, 7], [-6, 7, 0], [6, 1], [-2]]
23.534
Tabla número 18
[[-8, 4, 5, -7, -1], [5, 7, 8, 2], [-3, -1, -6], [7, -4], [-8]]
23.534
Tabla número 19
[[-5, -1, -9, 0, 5], [7, -9, 9, 2], [10, 4, -1], [10, 10], [-4]]
23.534
Tabla número 20
[[9, -4, 7, 1, 8], [10, -6, -10, 0], [10, -10, 1], [10, 6], [-2]]
25.626933333333334
Tabla número 21
[[-5, 5, -7, -8, -7], [-1, 5, -9, 3], [4, 1, -9], [5, -6], [2]]
23.534
Tabla número 22
[[9, 2, 1, 9, 1], [-9, -6, -7, 8], [-1, -3, 7], [1, 8], [-1]]
23.86253333333333
Tabla número 23
[[1, -8, -4, 0, 4], [-5, -8, 10, 8], [2, 7, -3], [-2, 4], [1]]
24.540533333333332
Tabla número 24
[[0, 4, -8, 10, 4], [3, -9, -9, -6], [2, -1, -5], [10, -8], [0]]
24.755933333333335
Tabla número 25
[[-10, -9, -5, -7, -9], [-7, -4, 9, 7], [4, -7, 7], [-8, -1], [-7]]
23.72733333333333
Tabla número 26
[[-9, 7, 0, 0, 10], [-3, -2, 6, -8], [6, 7, 4], [-2, -8], [8]]
24.629399999999997
Tabla número 27
[[3, 6, 6, -1, 0], [1, -8, -6, 7], [7, 1, 0], [7, 0], [-3]]
25.11266666666667
Tabla número 28
[[8, -3, 0, 10, -2], [3, 3, 6, 0], [4, 4, 10], [5, 9], [-5]]
24.5794
Tabla número 29
[[-2, 3, 6, 1, -1], [-9, 9, -9, 0], [-10, 3, -4], [-7, 6], [-10]]
25.347133333333336
Tabla número 30
[[6, 10, 10, -6, -3], [-9, -2, 4, -4], [-2, 2, 5], [0, 7], [-4]]
24.438000000000002
Tabla número 31
[[-4, 3, -3, 0, 10], [2, 9, 8, 9], [6, 0, 9], [4, -6], [1]]
24.719199999999994
Tabla número 32
[[-2, -6, 9, 4, -5], [3, -10, -3, -6], [-10, -7, 3], [-4, 0], [-8]]
26.16073333333333
Tabla número 33
[[7, -3, -1, 0, -3], [1, -8, 6, -1], [-1, -3, -7], [-8, -1], [-10]]
24.837533333333333
Tabla número 34
[[4, 4, -2, -10, -9], [-5, -3, -10, -4], [10, 0, 6], [7, 9], [-10]]
23.534
Tabla número 35
[[6, 8, 4, -5, 2], [2, 5, 7, 0], [8, 3, 5], [-9, -6], [5]]
23.534
Tabla número 36
[[4, -7, -8, 7, 0], [-4, -10, 9, -4], [2, 7, -5], [9, 9], [-9]]
23.534
Tabla número 37
[[4, 4, -2, -5, 7], [5, -6, 0, 1], [5, 5, -6], [-9, 2], [8]]
23.534
Tabla número 38
[[6, 1, -8, -5, -9], [5, -10, -10, 10], [-2, 2, -7], [-1, 0], [-6]]
24.694800000000004
Tabla número 39
[[4, -6, 3, 7, -9], [7, 3, -3, -10], [9, -1, 9], [-5, -9], [2]]
25.68933333333333
