Tabla número 0
[[-4, 4, 0, 10, -9], [10, 5, -3, -6], [0, 4, 4], [5, 9], [-4]]
23.91686666666666
Tabla número 1
[[-2, 2, -6, -10, -7], [1, -8, -8, -6], [-8, 5, -3], [-1, -1], [-10]]
23.534
Tabla número 2
[[-10, -1, -7, 7, -1], [-9, 8, -3, 0], [7, -7, -7], [-8, -5], [-10]]
24.976333333333333
Tabla número 3
[[-5, 10, -7, 0, 1], [-5, -3, 5, -5], [-6, -1, -9], [0, -1], [-7]]
23.534
Tabla número 4
[[8, 7, -8, -5, 10], [10, 4, -9, -6], [1, 7, 7], [9, -10], [-2]]
23.534
Tabla número 5
[[4, 8, -3, -7, -9], [9, 3, -9, -7], [-6, 1, 5], [9, 8], [-2]]
23.534
Tabla número 6
[[-3, 5, 2, 0, 2], [3, 1, 7, 0], [4, -7, -5], [7, -1], [-8]]
23.534
Tabla número 7
[[-8, -9, -7, -5, -3], [-10, 0, 4, -1], [2, 4, 5], [-5, -1], [-2]]
23.534
Tabla número 8
[[6, 4, 4, 3, 0], [-8, -5, -7, -6], [-2, -8, -7], [-2, -9], [5]]
23.534
Tabla número 9
[[4, -9, -7, 10, 10], [-5, 0, 8, -5], [10, 3, -1], [9, 0], [7]]
23.534
Tabla número 10
[[0, -10, -6, -6, -9], [3, 6, 0, -3], [4, 1, -7], [9, 0], [-3]]
23.534
Tabla número 11
[[7, -8, -5, 10, 0], [3, -9, -1, -6], [-1, 4, 0], [8, -8], [0]]
23.534
Tabla número 12
[[-8, -5, -1, -3, 0], [5, -4, -10, 9], [9, 2, -8], [-1, 4], [1]]
23.534
Tabla número 13
[[4, 3, -1, -1, 10], [3, -8, 6, 5], [6, 0, -7], [0, -5], [-3]]
23.534
Tabla número 14
[[-9, 5, 3, 10, 6], [-7, -10, -4, -3], [-10, 7, 9], [-4, 6], [-5]]
24.24233333333333
Tabla número 15
[[6, -6, 6, 9, 1], [-5, -3, 10, -8], [-2, 0, 6], [-9, -4], [2]]
23.534
Tabla número 16
[[-8, -5, -9, 0, -2], [5, -10, 9, 7], [10, -7, 0], [0, 6], [-6]]
24.24233333333333
Tabla número 17
[[1, 1, 9, -8, 7], [7, -8, 9, 5], [-10, -10, 1], [-8, 9], [-7]]
24.784333333333336
Tabla número 18
[[-7, 1, 10, -5, -9], [6, -4, -10, 10], [-9, -8, 0], [6, 0], [-10]]
23.534
Tabla número 19
[[6, 4, -2, -3, -9], [4, -6, 10, 1], [9, -3, 9], [7, -1], [-4]]
23.534
Tabla número 20
[[4, 10, 0, 0, 0], [2, 5, 4, -8], [6, 5, 3], [-7, 0], [0]]
25.561266666666665
Tabla número 21
[[-2, 2, -8, -5, 8], [-9, -10, -6, -10], [5, -8, -9], [-2, -6], [-3]]
26.034466666666667
Tabla número 22
[[-5, 7, 7, -7, 4], [-7, -9, 9, -4], [-2, 10, -7], [7, -4], [8]]
23.879266666666663
Tabla número 23
[[5, 2, -9, 2, -6], [9, 6, 8, 3], [6, 10, -1], [-8, -8], [-1]]
24.621
Tabla número 24
[[6, 4, 6, 6, 5], [5, -1, 10, 0], [8, 7, 7], [10, -6], [-9]]
24.417999999999996
Tabla número 25
[[2, 3, -2, 4, -10], [4, 9, 4, -4], [-8, 7, 10], [-7, -8], [6]]
24.872466666666664
Tabla número 26
[[2, 6, 5, 7, -7], [1, -4, 2, 7], [0, 9, 3], [-9, -3], [8]]
25.401933333333336
Tabla número 27
[[4, 8, 6, -3, -5], [-1, 0, 5, -1], [6, -1, 5], [3, 10], [1]]
24.339866666666662
Tabla número 28
[[4, -1, -2, 3, 0], [-9, -4, -3, 2], [-2, -3, 10], [3, 3], [2]]
24.479933333333342
Tabla número 29
[[1, 0, -8, -7, -4], [5, -2, -3, 0], [-1, 8, -5], [-3, 9], [-7]]
24.352
Tabla número 30
[[9, -4, -3, -2, -5], [2, 7, -6, -1], [-3, 1, -8], [-2, 1], [1]]
23.534
Tabla número 31
[[-7, 4, 1, 1, -3], [3, 1, 6, 8], [-1, -1, -3], [-9, 7], [-1]]
23.534
Tabla número 32
[[0, -6, -7, 7, -1], [-3, 3, 6, -4], [10, -3, -4], [-1, 0], [-4]]
26.383000000000006
Tabla número 33
[[-1, 6, 8, 10, 8], [-10, -8, -10, 2], [-2, 2, -8], [7, -8], [2]]
24.28213333333333
Tabla número 34
[[-2, -6, -8, 1, 5], [1, -2, 0, 0], [9, -5, -5], [-9, -5], [5]]
25.610400000000002
Tabla número 35
[[-4, -3, 0, 0, 10], [1, -6, 0, 7], [-6, 7, -3], [4, 7], [-8]]
23.4462
Tabla número 36
[[4, -7, -4, 0, -2], [8, -6, 9, -9], [-2, -1, -4], [4, -1], [-2]]
25.1232
Tabla número 37
[[-1, 2, 5, -7, -3], [-9, 9, 6, 5], [-6, 0, 9], [-5, -6], [-10]]
24.327933333333338
Tabla número 38
[[4, -3, 5, 0, 8], [1, -3, 5, 6], [4, 3, -7], [10, 9], [-9]]
24.923466666666673
Tabla número 39
[[9, -10, 1, 8, 4], [-4, -3, 0, 8], [-10, -7, -6], [0, -8], [0]]
24.860733333333332
