Tabla número 0
[[6, 4, -8, -5, 6], [-7, -3, -1, 7], [9, 1, 7], [-5, -6], [-4]]
23.534
Tabla número 1
[[-7, -6, 0, 0, -7], [-5, -3, 6, -4], [-3, 4, 5], [-8, -1], [2]]
23.534
Tabla número 2
[[4, -7, -8, -7, 1], [5, -8, 0, 5], [-1, 7, 0], [-5, 8], [0]]
23.534
Tabla número 3
[[-2, 5, 8, 0, 5], [-3, -8, 5, -4], [-8, 5, -5], [-3, -5], [-6]]
24.250733333333333
Tabla número 4
[[7, -5, -8, 0, -6], [10, -3, 4, -3], [-2, 7, 0], [3, -6], [-7]]
23.534
Tabla número 5
[[6, 3, 5, 7, 10], [5, -6, 10, 10], [10, 4, -7], [0, 0], [-3]]
23.534
Tabla número 6
[[4, 3, 0, -5, -5], [3, 0, -10, 0], [10, 5, -9], [-2, 0], [-3]]
23.534
Tabla número 7
[[9, -3, 1, 10, 0], [2, -3, -3, 0], [-6, 3, -5], [-8, 6], [-5]]
23.534
Tabla número 8
[[2, 4, 0, 9, 2], [8, -2, 5, 8], [-9, 10, 3], [9, -3], [10]]
23.534
Tabla número 9
[[-7, -9, -1, 7, 5], [-4, 6, 4, -5], [4, -7, -4], [-8, -9], [5]]
23.534
Tabla número 10
[[-5, 8, 3, 10, 0], [-5, -9, 4, 7], [-2, -8, -8], [6, -10], [-10]]
23.534
Tabla número 11
[[-2, 6, -1, 0, 8], [1, 4, 8, 7], [4, 2, -8], [8, 7], [-6]]
23.534
Tabla número 12
[[2, -8, 6, -7, 0], [9, -4, 0, -10], [-1, 0, -9], [-4, -8], [0]]
23.534
Tabla número 13
[[4, -5, -5, -3, -9], [-10, -4, -6, -8], [-6, -1, 5], [-2, -5], [-10]]
23.534
Tabla número 14
[[-5, 6, 5, 0, -2], [0, -1, -10, 2], [4, -4, -7], [8, -1], [-10]]
23.534
Tabla número 15
[[9, -6, -9, -1, -10], [-9, -9, 0, 6], [-6, -8, 9], [-1, 0], [-9]]
23.534
Tabla número 16
[[-1, -10, -3, 10, -1], [-7, -8, 9, -3], [8, -3, 10], [9, 7], [-6]]
23.534
Tabla número 17
[[-10, -6, -2, -5, -7], [4, 8, -3, -4], [-2, 3, 4], [0, 0], [7]]
23.534
Tabla número 18
[[1, 5, 10, 1, 10], [6, 9, 2, -6], [1, -1, 0], [9, -1], [8]]
23.534
Tabla número 19
[[-4, 2, -6, 8, -9], [5, 9, 8, 10], [-1, -5, -6], [10, -6], [-10]]
23.534
Tabla número 20
[[6, 1, 5, 4, 1], [-5, 7, 7, 0], [2, 10, 9], [-8, 9], [-7]]
25.09106666666667
Tabla número 21
[[-1, -1, -8, 10, -5], [10, -10, -6, 0], [6, 5, 9], [4, 10], [0]]
25.372266666666672
Tabla número 22
[[-3, 7, -6, -7, -10], [-1, 5, -9, 3], [0, 1, -7], [8, -4], [8]]
25.252933333333335
Tabla número 23
[[5, 1, -2, -10, -9], [1, 5, -9, -10], [7, -7, -3], [9, -5], [1]]
24.763533333333335
Tabla número 24
[[4, 2, 9, 3, -3], [-9, -10, 9, -2], [-10, 7, 5], [4, 3], [-1]]
24.250733333333333
Tabla número 25
[[0, 7, -7, 6, 5], [-9, 1, 6, 8], [6, -1, -1], [-2, -8], [-4]]
23.534
Tabla número 26
[[-8, 0, -7, -6, -3], [3, 0, 9, -6], [-10, -3, -7], [10, -1], [0]]
24.725466666666666
Tabla número 27
[[1, 4, -7, 0, 8], [10, 3, -10, -5], [6, -4, -3], [-9, -8], [-2]]
24.4122
Tabla número 28
[[4, 9, 1, -5, 0], [1, -9, -3, 2], [-2, 9, -7], [-1, 6], [-1]]
24.400799999999997
Tabla número 29
[[-2, 9, 7, 10, 10], [2, 3, 0, -6], [-2, 2, 7], [0, 0], [-8]]
23.979733333333332
Tabla número 30
[[4, -3, -7, 2, -9], [-10, 0, 6, 9], [9, -8, 5], [-9, 9], [-4]]
24.414399999999997
Tabla número 31
[[8, 2, -7, -3, 8], [6, 6, -6, -1], [-8, 4, -1], [3, 4], [-8]]
24.695200000000003
Tabla número 32
[[-9, 2, -3, 1, -3], [-8, -4, -3, -1], [9, -1, 3], [7, -4], [-9]]
25.98633333333333
Tabla número 33
[[0, 4, -4, 0, 7], [4, -5, 6, 0], [4, -8, 3], [-5, -8], [-10]]
25.039933333333334
Tabla número 34
[[4, 10, 6, -7, 10], [3, -6, 10, 5], [-1, -3, 6], [5, 9], [1]]
23.534
Tabla número 35
[[4, -9, -9, 3, -1], [3, -4, 5, -6], [10, 7, -7], [-1, 0], [-2]]
23.534
Tabla número 36
[[-8, 10, 2, -8, 4], [1, -6, -4, 5], [5, -7, -3], [7, -8], [-3]]
23.534
Tabla número 37
[[6, 8, 5, -3, -9], [3, 0, 9, -7], [-6, 0, -4], [-9, 3], [-7]]
23.534
Tabla número 38
[[-4, 4, 4, 7, -4], [-9, -9, 5, -8], [6, -7, 10], [-9, -1], [-2]]
25.1024
Tabla número 39
[[-8, -10, -2, -2, -2], [5, -8, -7, 1], [-2, 8, 1], [0, -1], [6]]
25.218666666666664
