Tabla número 0
[[4, 2, 0, -3, 0], [-4, -10, 10, 2], [9, 8, -8], [9, -5], [-9]]
23.43086666666667
Tabla número 1
[[10, 7, -7, 0, -1], [-9, 7, 9, 0], [6, -7, 3], [-1, 6], [0]]
23.43086666666667
Tabla número 2
[[-2, -3, 0, 9, 5], [3, -3, 6, -8], [7, 5, 4], [10, -4], [-10]]
24.938866666666666
Tabla número 3
[[-4, 7, 6, -7, 4], [1, -6, 10, -7], [-1, 3, 6], [1, -3], [2]]
23.43086666666667
Tabla número 4
[[-3, 1, 6, 7, -9], [-9, -8, -3, -7], [-2, 4, 2], [-9, 0], [2]]
23.325466666666664
Tabla número 5
[[0, -7, 1, -8, -9], [5, -2, 6, 2], [2, -7, 8], [-3, 8], [-7]]
23.43086666666667
Tabla número 6
[[7, 6, -1, 0, -4], [-7, 5, -1, -9], [-2, 1, -8], [7, -1], [-6]]
23.43086666666667
Tabla número 7
[[-2, 3, -7, -3, 2], [3, -5, -4, -5], [-3, 2, 0], [-5, 3], [-4]]
23.43086666666667
Tabla número 8
[[3, 4, 9, -5, 1], [7, -9, 8, 8], [6, -4, -7], [10, -8], [-2]]
23.325466666666664
Tabla número 9
[[-8, -6, -6, -7, -5], [2, -4, 9, -6], [-8, 7, -1], [-8, 9], [-8]]
23.43086666666667
Tabla número 10
[[4, 4, -2, 0, 5], [-3, -10, -7, 1], [5, -5, 10], [-2, 10], [-7]]
23.325466666666664
Tabla número 11
[[9, -5, 0, 0, -3], [1, -8, 9, 0], [-6, -3, 0], [6, 9], [-10]]
23.325466666666664
Tabla número 12
[[4, -8, 6, 6, 6], [7, 1, -9, -6], [6, -1, -6], [6, -1], [1]]
23.43086666666667
Tabla número 13
[[-8, 4, 4, 0, 0], [2, 9, -9, 2], [-10, -1, -6], [7, -6], [5]]
23.325466666666664
Tabla número 14
[[0, 10, -7, 7, 8], [3, 9, -6, -8], [-6, 0, -8], [-2, -9], [3]]
23.325466666666664
Tabla número 15
[[6, -10, 5, 10, -10], [1, 8, 6, -1], [-1, 10, -3], [-8, 7], [1]]
23.43086666666667
Tabla número 16
[[4, 0, -9, 4, -9], [4, -3, 0, 5], [4, 7, 0], [-7, 2], [8]]
23.325466666666664
Tabla número 17
[[6, -6, -7, -5, -3], [6, -8, 8, -4], [-2, -8, 3], [9, 5], [-3]]
23.43086666666667
Tabla número 18
[[-8, 8, 6, 10, 0], [-8, 6, 4, -6], [-2, -5, -7], [0, -1], [-10]]
23.43086666666667
Tabla número 19
[[2, -1, 5, -7, -1], [5, 0, 4, 7], [-2, 5, 5], [3, -4], [7]]
23.43086666666667
Tabla número 20
[[-9, -9, 3, -7, 10], [5, 1, 0, -3], [-10, -7, -4], [9, -8], [9]]
25.503466666666665
Tabla número 21
[[5, 2, -8, 0, 7], [3, 0, 5, -10], [-6, 4, -5], [8, 0], [-10]]
24.656133333333333
Tabla número 22
[[2, -9, 10, -6, 0], [9, -7, 5, 5], [-8, 2, 5], [0, -8], [-4]]
25.196
Tabla número 23
[[-5, -4, -7, -8, -7], [1, -1, 0, 3], [4, 1, -9], [5, -5], [2]]
24.1348
Tabla número 24
[[4, 4, 7, 7, -6], [-9, -6, 2, 10], [10, -8, -3], [-8, 9], [5]]
25.3926
Tabla número 25
[[-10, -5, -8, 1, 10], [-10, 0, -3, 7], [-2, 7, -3], [10, 0], [0]]
25.643333333333338
Tabla número 26
[[4, -3, -8, 1, 8], [-7, 3, 7, -6], [0, -4, -1], [-4, 9], [1]]
25.010933333333334
Tabla número 27
[[1, 5, -1, 8, -3], [-5, 4, 8, 0], [-3, -3, -5], [2, -6], [7]]
26.52706666666667
Tabla número 28
[[2, 2, -8, 10, 10], [10, -8, 4, 5], [9, 9, -7], [2, -1], [-6]]
23.43086666666667
Tabla número 29
[[-8, -4, -3, -10, 1], [-9, -3, -8, 9], [-1, 0, 9], [-7, -8], [-10]]
25.606466666666666
Tabla número 30
[[-7, 3, -2, 1, -2], [1, -5, -9, -1], [10, 4, 1], [-1, 6], [2]]
24.340533333333333
Tabla número 31
[[9, 4, 8, -10, -9], [-5, -9, -10, 9], [10, -10, 7], [-6, -8], [-2]]
24.888066666666663
Tabla número 32
[[1, -10, -5, -3, 4], [5, 3, -10, 0], [-10, 1, -9], [9, 4], [-10]]
25.7764
Tabla número 33
[[4, -6, -6, 0, 10], [-3, -10, -6, -3], [8, 3, 10], [-9, -10], [5]]
25.42066666666667
Tabla número 34
[[-2, 6, 0, 0, -2], [-5, -2, 1, 8], [4, 7, -7], [0, 0], [-2]]
24.61593333333333
Tabla número 35
[[6, 4, 2, -5, -7], [-1, 5, -10, 7], [8, -7, 7], [-4, 7], [-9]]
23.43553333333334
Tabla número 36
[[-4, 1, -4, -5, 0], [3, -8, -3, 6], [2, -1, -5], [4, -1], [8]]
23.8386
Tabla número 37
[[6, -1, -2, 10, -9], [10, -6, -10, -4], [2, 0, -7], [7, 9], [-4]]
23.43086666666667
Tabla número 38
[[-5, 10, -9, -7, 8], [7, -2, -3, -5], [1, -8, -6], [7, 0], [-10]]
25.86353333333333
Tabla número 39
[[-5, 2, 5, -5, -5], [-1, -10, 9, -4], [-9, 7, -7], [-9, 0], [-5]]
24.75546666666667
