Tabla número 0
[[2, 2, -8, 10, 0], [10, -8, 5, 5], [-8, 9, -7], [2, -8], [-6]]
23.43086666666667
Tabla número 1
[[6, 6, 10, -6, 10], [9, -2, 4, 7], [9, 7, 5], [0, 7], [-4]]
23.43086666666667
Tabla número 2
[[4, 2, 0, -3, 0], [-4, -10, 10, 2], [9, 8, -8], [9, -5], [-9]]
23.43086666666667
Tabla número 3
[[1, 7, 6, 8, 4], [-5, -6, 10, -7], [-1, -3, 7], [5, -8], [-1]]
25.114533333333334
Tabla número 4
[[4, -5, -2, -5, 5], [-3, -10, 6, -8], [5, 5, -6], [-9, 10], [-10]]
23.534
Tabla número 5
[[-4, 1, -4, -5, 0], [3, -8, -3, 6], [2, -1, -5], [4, -1], [8]]
24.697
Tabla número 6
[[7, -10, -1, 0, -4], [1, 8, 6, -1], [-1, 10, -8], [-8, -1], [1]]
23.534
Tabla número 7
[[-5, -4, -7, -8, -7], [1, -1, 0, 3], [4, 1, -9], [5, -5], [2]]
23.43086666666667
Tabla número 8
[[-5, -3, -9, -7, -3], [-1, -8, -3, -5], [-9, -3, -7], [7, 0], [-10]]
23.43086666666667
Tabla número 9
[[-9, 0, -7, 1, 5], [-10, -3, 9, -3], [-2, -7, -3], [-2, -8], [-7]]
23.534
Tabla número 10
[[4, 4, -8, 7, 10], [-10, 0, -10, 0], [-10, -8, 10], [-9, -10], [5]]
23.534
Tabla número 11
[[-8, 8, 6, 10, 0], [-8, 6, 4, -6], [-2, -5, -7], [0, -1], [-10]]
23.43086666666667
Tabla número 12
[[-8, -6, -6, -7, -5], [2, -4, 9, -6], [-8, 7, -1], [-8, 9], [-8]]
23.43086666666667
Tabla número 13
[[-8, 4, 4, 0, 0], [2, 9, -9, 2], [-10, -1, -6], [7, -6], [5]]
23.43086666666667
Tabla número 14
[[2, -1, 5, -7, -1], [5, 0, 4, 7], [-2, 5, 5], [3, -4], [7]]
23.43086666666667
Tabla número 15
[[0, -3, -8, 1, 8], [-7, -2, 6, -6], [2, -7, 8], [-4, 8], [-7]]
23.43086666666667
Tabla número 16
[[-10, 2, -8, -7, -9], [-9, 0, 2, 5], [-10, 7, -4], [9, -8], [9]]
23.534
Tabla número 17
[[-3, 1, 6, 7, -9], [-9, -8, -3, -7], [-2, 4, 2], [-9, 0], [2]]
23.43086666666667
Tabla número 18
[[3, 4, 9, -5, 1], [7, -9, 8, 8], [6, -4, -7], [10, -8], [-2]]
23.43086666666667
Tabla número 19
[[-5, 4, -9, 0, 7], [5, -6, 0, 1], [1, -7, 10], [10, 2], [8]]
23.43086666666667
Tabla número 20
[[4, -10, -5, -3, 10], [5, 3, -3, 10], [10, 3, -3], [-8, 0], [0]]
24.1348
Tabla número 21
[[10, 7, 5, 0, 1], [-9, -10, -8, 0], [6, -8, 3], [-1, 0], [0]]
25.30393333333333
Tabla número 22
[[-2, 4, 0, 0, -2], [-1, 5, -10, 8], [4, -7, 7], [0, 0], [-9]]
24.891933333333334
Tabla número 23
[[-2, 2, 0, 0, -5], [3, -2, 9, 0], [7, 7, 4], [6, -4], [-10]]
25.125999999999994
Tabla número 24
[[4, -1, 7, 4, -9], [4, -3, 0, -4], [4, 0, -7], [-7, 9], [-4]]
25.404933333333336
Tabla número 25
[[6, -5, -2, 10, -6], [10, -6, -10, 7], [2, 7, 0], [7, 9], [5]]
25.614333333333327
Tabla número 26
[[6, -6, -7, -3, 2], [3, -5, -4, -5], [-3, -8, 3], [9, 3], [-4]]
26.686399999999995
Tabla número 27
[[5, -9, 1, 0, 10], [3, 1, 5, 2], [0, 4, -1], [8, 0], [-10]]
24.722133333333336
Tabla número 28
[[4, -7, 3, -8, -9], [5, 3, 7, -10], [-6, -4, -5], [-3, 9], [1]]
23.43086666666667
Tabla número 29
[[9, 5, -1, -10, -3], [-5, 4, -9, 0], [10, 4, -5], [-6, -6], [7]]
23.534
Tabla número 30
[[-4, 3, 8, -7, -9], [1, -9, 8, 0], [-3, 3, 6], [1, -3], [2]]
24.143133333333328
Tabla número 31
[[-8, -4, -3, -10, -1], [-9, 7, 9, 9], [-1, 0, 9], [-7, 6], [-10]]
25.9166
Tabla número 32
[[9, 10, 0, 9, 8], [1, -3, -7, -4], [-6, -5, 0], [10, 9], [-5]]
24.942666666666664
Tabla número 33
[[-7, 4, -2, 1, -2], [1, -5, -10, -1], [10, -10, 1], [-1, 6], [-2]]
24.765466666666672
Tabla número 34
[[1, -6, -6, 0, 4], [-3, -10, -6, -3], [8, 1, -9], [9, 4], [-10]]
25.852266666666665
Tabla número 35
[[6, 6, 5, 10, -10], [-7, 5, -1, -9], [-2, 1, -3], [7, 7], [-6]]
24.8744
Tabla número 36
[[0, -8, -7, 6, 6], [3, 1, -9, -6], [-6, -1, -8], [-2, -1], [1]]
25.125999999999994
Tabla número 37
[[2, -9, 2, -5, -7], [-5, -7, 1, 5], [8, 2, -7], [-4, -1], [-3]]
23.43086666666667
Tabla número 38
[[4, 10, 6, 7, 8], [7, 9, -6, -8], [6, 0, -6], [6, -9], [3]]
25.0782
Tabla número 39
[[-2, 3, -7, -5, -3], [6, -8, 8, -4], [-2, 2, 0], [-5, 5], [-3]]
24.566733333333335
