Tabla número 0
[[4, 2, -8, 10, -7], [-9, -6, -1, -4], [4, -7, 3], [8, -1], [0]]
23.534
Tabla número 1
[[-7, -6, 3, 0, 6], [-5, -9, -3, 2], [-2, 8, -8], [-3, -6], [-10]]
23.534
Tabla número 2
[[6, -1, -1, -5, 8], [3, -9, 4, 9], [-8, -8, -7], [-1, -5], [-8]]
23.534
Tabla número 3
[[-4, 5, 0, 7, -4], [3, 1, 5, -8], [-8, -7, -5], [-9, -8], [-6]]
23.534
Tabla número 4
[[6, 3, -2, 7, 10], [5, -6, 0, 1], [10, 4, 9], [-1, 0], [-3]]
23.534
Tabla número 5
[[4, 4, 1, 0, 0], [-4, 5, 5, 5], [6, 4, -7], [0, -8], [-9]]
24.2006
Tabla número 6
[[-5, -3, -5, 10, -9], [-10, -4, -10, 0], [-1, 7, -9], [-4, -1], [0]]
23.534
Tabla número 7
[[5, -5, -7, -6, 0], [1, -2, 9, -3], [-10, -3, 3], [3, -5], [-9]]
23.534
Tabla número 8
[[-8, 7, 5, 7, 5], [-8, 9, -6, -6], [-3, -8, 5], [0, -9], [1]]
23.534
Tabla número 9
[[0, 0, -2, 0, 0], [10, -4, -10, 0], [1, 10, 5], [3, 9], [-10]]
23.534
Tabla número 10
[[4, 6, 0, 3, 10], [9, 4, 8, -6], [4, 2, 7], [-2, 0], [-2]]
23.534
Tabla número 11
[[-10, -9, -2, 6, 10], [-9, 8, 4, -5], [8, 3, -1], [9, -8], [7]]
23.534
Tabla número 12
[[4, -6, 5, 2, -9], [6, 6, -3, 7], [7, -8, -3], [6, -5], [-10]]
23.534
Tabla número 13
[[9, -3, -8, 10, -5], [10, -10, -9, 0], [6, -7, -5], [4, 6], [-5]]
23.534
Tabla número 14
[[6, 8, 8, -7, -9], [-3, -3, 6, -7], [-6, 0, -4], [7, -4], [2]]
23.534
Tabla número 15
[[-8, 3, -3, -5, 0], [1, 3, -9, -4], [-2, 1, 0], [-1, 6], [-8]]
23.534
Tabla número 16
[[-3, 8, -6, -1, -10], [-9, -8, 10, 10], [-2, -7, -7], [0, -1], [8]]
23.534
Tabla número 17
[[2, -6, -7, 9, -1], [-7, -3, 5, 6], [-6, 4, -1], [9, -10], [-4]]
23.534
Tabla número 18
[[9, -10, -6, -2, -6], [-1, 5, -7, 3], [6, 1, -7], [-8, 10], [-6]]
23.534
Tabla número 19
[[-5, 4, -9, -8, 4], [2, -3, -3, -1], [10, 10, 1], [7, 9], [5]]
23.534
Tabla número 20
[[4, 7, -7, -10, -9], [-7, -10, -6, -6], [6, 7, 10], [-2, 0], [-4]]
26.059066666666663
Tabla número 21
[[0, 4, 1, 1, 4], [3, 1, 6, 8], [-1, -1, -6], [10, 9], [-3]]
25.32993333333333
Tabla número 22
[[7, -5, 7, 0, -5], [-10, 0, 2, 2], [1, -1, -3], [-9, -3], [-7]]
25.37613333333333
Tabla número 23
[[-1, -9, 5, 10, -3], [3, 3, 0, -1], [9, 3, -3], [-9, 0], [-2]]
25.1446
Tabla número 24
[[-9, 1, 10, -5, -1], [9, -4, 6, 0], [-9, -1, 0], [7, 0], [-10]]
25.7884
Tabla número 25
[[-1, -10, -7, 10, -3], [-9, 7, -10, 8], [-2, 7, -7], [9, 3], [-1]]
25.217733333333335
Tabla número 26
[[-8, 4, 5, 0, 1], [-5, -5, 6, -5], [2, 1, 7], [-2, -1], [8]]
24.935799999999997
Tabla número 27
[[4, 2, -4, 4, -3], [8, 9, 9, -9], [-10, 7, 9], [4, -1], [-2]]
25.16026666666666
Tabla número 28
[[8, 2, -7, -3, -10], [2, -9, -6, -10], [0, -8, 5], [0, 4], [6]]
24.850266666666666
Tabla número 29
[[4, 4, 6, -3, -2], [5, 0, -3, 7], [-2, 9, -4], [-5, 0], [5]]
24.62613333333333
Tabla número 30
[[-7, -4, -9, 8, -2], [-5, 6, 9, -3], [4, 2, -8], [-5, 7], [-7]]
25.415066666666668
Tabla número 31
[[2, -8, 0, 1, 2], [1, -4, 5, -1], [9, 10, -7], [7, -4], [10]]
27.0138
Tabla número 32
[[6, 2, -8, -5, 8], [5, -3, 4, -8], [9, 5, -9], [10, -6], [0]]
24.39086666666666
Tabla número 33
[[1, 1, 9, 3, 7], [4, -10, 7, 0], [-6, -1, -5], [-8, -8], [-7]]
24.578333333333337
Tabla número 34
[[1, -1, -3, 0, -9], [7, -8, 9, -6], [-1, -3, 8], [9, -6], [1]]
26.000200000000003
Tabla número 35
[[-2, -7, -8, -7, 10], [3, -6, 0, 5], [-6, 0, 0], [-5, -8], [-10]]
24.66846666666667
Tabla número 36
[[-4, 5, 2, -3, 5], [4, -8, -4, -6], [-2, 5, 10], [-9, 3], [-8]]
24.119799999999998
Tabla número 37
[[-2, 10, 4, -7, -7], [1, 0, 8, -4], [5, -5, 4], [-8, -1], [-3]]
25.298333333333336
Tabla número 38
[[4, 10, 6, -7, 1], [5, -8, 10, 5], [-1, -3, 6], [-4, 8], [1]]
23.534
Tabla número 39
[[-2, 6, -1, 0, 8], [1, -1, 0, 7], [10, 0, -8], [8, 7], [-6]]
23.534
