Tabla número 0
[[-2, 3, 6, -5, 8], [7, 9, 8, -8], [6, 0, -6], [6, -9], [-3]]
25.433133333333334
Tabla número 1
[[5, -6, 8, 4, 10], [1, 0, -4, -5], [-10, 0, -7], [1, -3], [-4]]
23.534
Tabla número 2
[[4, 4, 1, 9, -2], [1, 1, -7, 0], [0, -8, 0], [-1, 9], [5]]
23.534
Tabla número 3
[[-5, 5, -1, -8, -7], [-1, 5, -9, 0], [4, 4, -9], [5, -5], [2]]
23.43086666666667
Tabla número 4
[[-5, 4, -9, 0, 7], [5, -6, 0, 1], [1, -7, 10], [10, 2], [8]]
23.534
Tabla número 5
[[-7, 4, 0, -3, 10], [3, -5, -10, -1], [-6, -5, 10], [-9, -10], [-5]]
23.534
Tabla número 6
[[9, 4, 0, 0, -3], [-5, 4, -10, 8], [10, -7, 7], [0, 0], [7]]
23.534
Tabla número 7
[[-8, -1, -8, 7, -6], [-10, -9, 9, -4], [2, 4, -1], [8, 3], [-4]]
25.3122
Tabla número 8
[[6, 10, 10, -6, -3], [-9, -2, 4, -4], [-2, 2, 5], [0, 7], [-4]]
23.43086666666667
Tabla número 9
[[4, -5, -2, -5, 5], [-3, -10, 6, -8], [5, 5, -6], [-9, 10], [-10]]
23.43086666666667
Tabla número 10
[[-10, -9, -8, -5, -9], [-5, -4, 9, -6], [8, 2, -7], [-8, -1], [9]]
23.534
Tabla número 11
[[-9, -9, 9, 1, 1], [7, -3, 9, 2], [-3, -8, 3], [-2, -8], [-7]]
23.534
Tabla número 12
[[2, -1, 5, -7, -1], [5, 0, 4, 7], [-2, 5, 5], [3, -4], [7]]
23.534
Tabla número 13
[[-4, -6, 5, -5, 0], [3, -10, -3, -9], [-2, 1, -9], [4, -1], [-6]]
23.534
Tabla número 14
[[4, 2, 0, -3, 0], [-4, -10, 10, 2], [9, 8, -8], [9, -5], [-9]]
23.534
Tabla número 15
[[2, 2, -8, 10, 0], [10, -8, 5, 5], [-8, 9, -7], [2, -8], [-6]]
25.128733333333333
Tabla número 16
[[6, -5, -2, 10, -9], [4, -3, 0, 7], [4, 7, 0], [-7, 9], [5]]
23.43086666666667
Tabla número 17
[[10, -3, -5, 1, 10], [-7, 3, 6, 0], [6, -7, 7], [-8, 0], [-7]]
23.534
Tabla número 18
[[4, 6, 6, 7, 10], [9, -8, -3, 7], [9, 7, 0], [-9, 1], [2]]
23.534
Tabla número 19
[[-8, 2, -6, -7, -5], [-9, 0, 2, 5], [-8, 7, -1], [9, -8], [-8]]
23.85406666666667
Tabla número 20
[[-5, -3, -9, -7, -3], [-1, -8, -3, -5], [-9, -3, -7], [7, 0], [-10]]
25.864533333333338
Tabla número 21
[[7, -10, -1, 0, -4], [1, 8, 6, -1], [-1, 10, -8], [-8, -1], [1]]
25.226133333333337
Tabla número 22
[[-4, 3, -3, -7, -1], [-9, 7, 8, 9], [-3, 3, 9], [-7, 6], [2]]
23.648399999999995
Tabla número 23
[[-8, 4, 4, 0, 0], [2, 9, -9, 2], [-10, -1, -6], [7, -6], [5]]
25.218066666666665
Tabla número 24
[[2, -6, 2, -7, -7], [2, 6, 1, 5], [-10, 7, -4], [-4, 9], [-3]]
26.401466666666668
Tabla número 25
[[4, -7, 3, -8, -9], [5, 3, 7, -10], [-6, -4, -5], [-3, 9], [1]]
25.0922
Tabla número 26
[[3, 7, -7, -3, 2], [3, -2, -3, -6], [6, 3, -7], [-4, 0], [-8]]
26.625999999999994
Tabla número 27
[[-2, 2, 0, 0, -5], [3, -2, 9, 0], [7, 7, 4], [6, -4], [-10]]
24.75433333333334
Tabla número 28
[[6, 0, -7, -5, 5], [-10, -5, 8, -3], [-2, -7, -3], [9, -8], [-10]]
24.1458
Tabla número 29
[[-2, -4, -7, -10, -2], [1, -1, 0, 3], [4, 1, -5], [-6, -6], [-9]]
25.32973333333333
Tabla número 30
[[-8, 8, 6, 10, 0], [-8, 6, 4, -6], [-2, -5, -7], [0, -1], [-10]]
24.070599999999995
Tabla número 31
[[6, 6, -6, 0, -10], [-7, 5, -6, -3], [8, 1, -3], [7, 7], [-10]]
24.301333333333336
Tabla número 32
[[1, 7, 6, 8, 4], [-5, -6, 10, -7], [-1, -3, 7], [5, -8], [-1]]
25.012266666666665
Tabla número 33
[[0, 4, -8, 0, 8], [-9, -9, 5, 8], [2, 7, -3], [10, 8], [0]]
24.382733333333338
Tabla número 34
[[0, -8, -7, 6, 6], [3, 1, -9, -6], [-6, -1, -8], [-2, -1], [1]]
25.140600000000003
Tabla número 35
[[1, 1, -4, 10, 4], [-3, -8, -1, 6], [2, -1, -5], [9, 4], [8]]
24.85133333333334
Tabla número 36
[[9, 10, -2, 1, 8], [1, -3, -10, -4], [10, -10, 1], [10, 6], [-2]]
24.67106666666666
Tabla número 37
[[4, -4, 7, -10, -9], [10, -6, 10, 0], [-1, 0, 6], [7, 9], [-10]]
24.881533333333337
Tabla número 38
[[4, -10, 5, 0, 1], [5, -10, -8, 10], [10, -8, 3], [-1, 0], [0]]
25.351399999999998
Tabla número 39
[[-3, 1, -7, 7, -9], [6, -8, -6, -7], [-2, 4, 2], [-5, 0], [3]]
25.586399999999994
