Tabla número 0
[[-4, 5, -6, 8, 5], [4, 9, 8, 10], [4, -5, 4], [0, -1], [-8]]
23.534
Tabla número 1
[[4, 2, -4, 4, -3], [-9, 7, 9, -2], [-10, 7, 9], [4, 3], [-1]]
23.534
Tabla número 2
[[4, -7, -8, -7, 10], [3, -6, 0, 5], [-1, 7, 0], [-5, 9], [0]]
23.534
Tabla número 3
[[4, -3, -5, -3, -9], [-10, -4, -6, 0], [4, -8, 5], [-9, 0], [-6]]
23.534
Tabla número 4
[[-10, -9, -2, 1, 10], [-7, 8, 4, -5], [8, 3, 10], [9, 0], [7]]
23.534
Tabla número 5
[[6, 4, 3, -5, 6], [-5, -9, 4, 7], [-2, -8, -8], [-5, -6], [-10]]
23.534
Tabla número 6
[[-8, -6, -9, -8, 4], [-9, -6, 5, 6], [-6, -7, 1], [7, -1], [-2]]
23.534
Tabla número 7
[[-8, -6, -1, 0, -2], [5, 5, -9, 5], [6, 8, -4], [-3, -5], [-9]]
23.534
Tabla número 8
[[2, -4, 5, 0, -2], [0, -4, -10, -10], [4, -4, -7], [8, 0], [-10]]
23.534
Tabla número 9
[[5, -5, -7, -6, 0], [1, -2, 9, -3], [-10, -3, 3], [3, -5], [-9]]
23.534
Tabla número 10
[[4, 3, 1, -5, 0], [1, -9, 5, 2], [-2, 5, -7], [-1, 6], [5]]
23.534
Tabla número 11
[[-1, -10, 10, 10, -1], [6, 9, 2, -3], [1, -1, 0], [9, 7], [8]]
23.534
Tabla número 12
[[6, 1, 9, 3, 7], [4, -10, 7, -8], [-6, -1, 5], [-8, -8], [-7]]
23.534
Tabla número 13
[[-4, 10, 4, 7, -4], [1, -9, -4, -8], [5, -7, 10], [-9, -8], [-3]]
23.534
Tabla número 14
[[9, -3, -8, 10, -5], [10, -10, -9, 0], [6, -7, -5], [4, 6], [-5]]
23.534
Tabla número 15
[[-2, 2, 7, -10, -6], [3, -3, 0, 0], [9, -1, -9], [-8, -6], [-7]]
23.534
Tabla número 16
[[4, -5, -9, -5, -9], [-10, -4, 6, 0], [9, -8, 3], [-5, -5], [-10]]
23.534
Tabla número 17
[[1, 2, -3, -5, -9], [5, -8, 9, -6], [-1, -3, -6], [10, -6], [-10]]
23.534
Tabla número 18
[[-2, 6, -1, 0, 8], [1, 4, 8, 7], [4, 2, -8], [8, 7], [-6]]
23.534
Tabla número 19
[[0, 7, -7, 6, 5], [-9, 1, 6, 8], [6, -1, -1], [-2, -8], [-4]]
23.534
Tabla número 20
[[-7, 4, 0, 7, 2], [-5, 6, 9, -1], [-3, 10, 3], [7, -4], [1]]
24.581933333333335
Tabla número 21
[[2, -6, 5, 9, -7], [-8, -3, -3, -4], [7, -7, -3], [9, -1], [5]]
25.450733333333332
Tabla número 22
[[1, -1, -8, 0, 8], [10, 0, 4, -6], [-6, 5, 8], [9, -8], [0]]
25.215266666666665
Tabla número 23
[[-1, 4, 1, 10, -9], [2, 5, -6, -10], [6, -4, -3], [10, 10], [0]]
24.8492
Tabla número 24
[[-5, 8, -8, 10, 0], [-7, -3, -1, 7], [9, 1, 7], [6, -10], [-4]]
23.534
Tabla número 25
[[-3, 7, -6, -1, -10], [-1, -8, -7, 3], [0, 1, -7], [0, -9], [8]]
23.534
Tabla número 26
[[-2, 5, 0, -3, 5], [3, -8, 5, -4], [-8, 5, -5], [-9, 3], [-6]]
24.519933333333338
Tabla número 27
[[7, 0, -7, 0, -3], [10, 3, -10, -5], [-2, 7, -7], [-9, -1], [-2]]
23.534
Tabla número 28
[[-7, 4, -3, 0, 0], [-4, 3, -3, -4], [-2, 4, 0], [0, -8], [-8]]
25.57713333333333
Tabla número 29
[[-8, -8, 2, -7, -7], [2, 0, -3, -6], [-2, 2, 5], [-8, -1], [-7]]
25.782266666666665
Tabla número 30
[[9, -10, 5, 7, -10], [-9, -9, 0, 10], [10, 4, 9], [0, 0], [-3]]
25.120466666666665
Tabla número 31
[[6, 3, -2, -2, 10], [5, -6, 10, 1], [-2, -8, -7], [-1, 0], [6]]
25.335800000000003
Tabla número 32
[[6, 8, 8, -7, -9], [-3, -3, 6, -7], [-6, 0, -4], [7, -4], [2]]
25.937
Tabla número 33
[[0, 4, 5, 0, 1], [-5, -5, 6, 0], [2, 10, 5], [-2, 9], [-10]]
23.534
Tabla número 34
[[4, 10, 6, -7, 1], [5, -8, 10, 5], [-1, -3, 6], [5, 8], [1]]
23.534
Tabla número 35
[[-9, 1, -2, 1, -3], [8, -4, 5, 8], [-9, 3, -3], [7, -3], [10]]
23.534
Tabla número 36
[[-5, -9, 6, 10, -5], [3, 0, -10, 2], [-1, 7, -9], [-4, -1], [0]]
25.002200000000002
Tabla número 37
[[4, 6, 0, 3, 10], [9, -1, 0, -6], [10, 0, 7], [-2, 0], [-2]]
24.987000000000002
Tabla número 38
[[8, -1, -7, -3, 8], [3, 0, -3, 9], [-8, 9, -7], [-1, 4], [-8]]
23.802466666666668
Tabla número 39
[[4, 2, -7, 2, -1], [6, 6, -6, -1], [10, 4, -1], [3, 9], [-4]]
25.170533333333328
