Tabla número 0
[[-8, -1, -1, -8, 6], [0, -1, -7, -6], [6, 7, -7], [-5, 4], [-6]]
24.364199999999997
Tabla número 1
[[1, 1, 0, 0, 0], [1, 0, 0, 0], [0, 0, 0], [0, 0], [0]]
24.80706666666667
Tabla número 2
[[-2, 4, 0, 0, 0], [3, 0, 0, 0], [-1, 1, 0], [-1, 0], [0]]
24.3474
Tabla número 3
[[4, 6, -7, -7, 10], [-3, -3, -6, -8], [4, 7, 9], [8, -3], [-10]]
24.132800000000007
Tabla número 4
[[-10, -5, 5, 2, 8], [8, -9, -8, -8], [-3, 4, -3], [4, -1], [0]]
23.715866666666667
Tabla número 5
[[-5, 7, -4, 4, -9], [-5, 0, 4, -5], [5, -8, 3], [-5, 9], [-7]]
23.712066666666665
Tabla número 6
[[-7, 4, -3, -2, -3], [5, 6, -10, 9], [-1, -4, 10], [0, 2], [-10]]
24.9088
Tabla número 7
[[-5, -5, -7, 10, 7], [-9, -1, -4, 7], [-8, -1, 5], [9, -1], [-3]]
24.977266666666665
Tabla número 8
[[-4, 8, -8, -7, 8], [1, -8, 2, 7], [-6, -4, -1], [-9, -10], [5]]
24.160333333333334
Tabla número 9
[[4, 9, 8, 0, -4], [3, 5, 4, 2], [6, -1, -3], [-8, -1], [8]]
24.160333333333334
Tabla número 10
[[4, -9, -2, 1, 5], [1, -8, -1, 1], [-2, -7, -7], [8, 3], [-1]]
23.982266666666668
Tabla número 11
[[-2, -10, 3, 6, -9], [6, -3, 7, 5], [5, -7, 3], [-9, -1], [-10]]
25.05706666666667
Tabla número 12
[[0, -10, 9, -3, -10], [-1, -4, 5, -1], [10, 1, 2], [-2, -9], [-4]]
24.92286666666666
Tabla número 13
[[6, 2, -6, -6, 5], [5, -6, 9, 7], [-2, -7, -9], [7, -7], [-1]]
24.31673333333333
Tabla número 14
[[6, 3, -9, 0, 1], [-10, -4, 10, -1], [-2, 0, 5], [-2, -8], [-9]]
23.712066666666665
Tabla número 15
[[7, -3, -1, 0, -1], [10, -9, -9, 5], [-2, -6, 5], [-1, -6], [-10]]
24.31673333333333
Tabla número 16
[[-4, -9, -7, 10, -9], [-5, 7, 6, -6], [9, 4, 6], [9, 9], [-2]]
24.31673333333333
Tabla número 17
[[-1, 5, 5, 10, -9], [6, -9, 9, -3], [7, 8, 7], [-3, 8], [-4]]
23.712066666666665
Tabla número 18
[[2, -6, -8, 1, -10], [-9, 3, -6, 10], [-2, 5, -7], [4, 3], [6]]
24.160333333333334
Tabla número 19
[[-9, 9, -9, -1, 0], [2, 6, 10, 1], [-8, -1, 0], [9, 0], [-7]]
27.651799999999998
Tabla número 20
[[-7, 2, 6, -7, 4], [-7, -8, 5, -2], [-9, -1, -5], [9, -8], [1]]
24.934666666666665
Tabla número 21
[[6, 2, 1, 10, 5], [3, -6, -9, 8], [3, -8, 3], [-8, 10], [2]]
24.7202
Tabla número 22
[[-3, -4, 5, -5, 10], [-4, 9, -3, 3], [-8, 10, 10], [3, -4], [-6]]
26.160933333333336
Tabla número 23
[[2, -6, -2, 7, -1], [10, -2, -3, -2], [6, -8, 5], [0, -8], [10]]
26.061866666666667
Tabla número 24
[[5, 9, -7, 0, -2], [4, -6, 5, 10], [-2, 7, -7], [-8, -8], [-6]]
25.019800000000007
Tabla número 25
[[4, 6, 5, 9, 10], [-8, -3, 5, 2], [-1, 4, 4], [6, 1], [7]]
24.096333333333334
Tabla número 26
[[9, -6, -7, 2, -1], [1, 5, -10, 5], [9, 5, -7], [5, -8], [10]]
25.662266666666664
Tabla número 27
[[4, 4, 7, 7, -3], [-9, 3, -6, 9], [5, 2, 9], [8, -4], [-9]]
24.589266666666663
Tabla número 28
[[-1, -6, 4, -5, -9], [-7, -4, -6, -7], [-6, -8, 1], [3, -6], [-4]]
25.32186666666667
Tabla número 29
[[-8, 3, 6, -7, 2], [-9, -5, 9, -10], [10, -3, -8], [-8, -5], [-3]]
25.089266666666667
Tabla número 30
[[-2, 7, 5, -3, 1], [9, -4, 6, -5], [-2, 7, -4], [-9, -5], [-10]]
25.106199999999998
Tabla número 31
[[6, -7, -8, 7, -5], [3, -10, 6, -6], [-6, -3, 9], [7, 7], [8]]
26.33106666666667
Tabla número 32
[[1, 2, -3, 3, -6], [3, -10, 8, -4], [-8, 3, 3], [5, -1], [2]]
24.71026666666667
Tabla número 33
[[4, -3, 3, 10, -7], [5, -4, 6, 6], [6, -1, -4], [3, 7], [5]]
24.629933333333334
Tabla número 34
[[8, 5, 10, 0, 7], [-10, -6, 4, 2], [-6, 10, 7], [-5, 0], [-7]]
24.420400000000004
Tabla número 35
[[4, 1, -5, -3, -7], [5, 9, -10, 6], [10, -3, -1], [10, -5], [-1]]
25.679266666666663
Tabla número 36
[[6, 8, -8, 3, 10], [2, -9, 8, 0], [-10, -3, -7], [-6, 9], [-8]]
25.172933333333336
Tabla número 37
[[-8, 0, 5, -10, -2], [10, -8, 9, -4], [-10, 3, -3], [3, 6], [-3]]
25.700733333333336
Tabla número 38
[[0, 10, -6, -5, -5], [-5, 1, -3, -4], [1, -7, -9], [-9, -1], [-2]]
26.4958
Tabla número 39
[[4, 4, 0, 0, 0], [4, 0, 0, 0], [-1, 1, 0], [-1, 0], [0]]
24.936133333333327
