Tabla número 0
[[4, 4, -4, 3, -2], [1, -6, -7, 7], [-6, 10, -7], [-2, -9], [8]]
23.534
Tabla número 1
[[-3, -4, -8, 10, -7], [-5, -4, -3, 0], [6, 3, -5], [5, 9], [0]]
23.534
Tabla número 2
[[9, -4, -3, -10, 8], [1, 7, -10, 5], [10, 2, -8], [-2, 1], [1]]
24.543200000000006
Tabla número 3
[[4, 10, -6, -5, 0], [-5, -8, -3, -5], [-1, 5, -7], [-8, 9], [7]]
23.534
Tabla número 4
[[6, 1, -7, 0, -4], [9, -6, 4, -4], [7, 7, 3], [-1, -1], [-1]]
23.534
Tabla número 5
[[-10, -3, -1, -3, 10], [3, 0, 7, -7], [6, 8, -8], [5, -6], [-4]]
23.534
Tabla número 6
[[4, 4, -1, 10, 10], [10, 0, 10, -6], [4, 5, -8], [9, 0], [-10]]
23.534
Tabla número 7
[[6, 2, -8, -3, 8], [4, -6, -6, 1], [9, -8, -9], [2, -6], [-3]]
23.534
Tabla número 8
[[-8, -6, 10, 7, 5], [-7, -2, 9, 0], [-2, 4, -5], [-9, -8], [-7]]
23.534
Tabla número 9
[[-5, 8, 0, -7, 4], [8, -9, 5, -6], [6, -8, 5], [-8, -4], [-7]]
23.534
Tabla número 10
[[7, -8, -5, 10, 0], [-9, -9, 10, -6], [-1, 7, 0], [10, -8], [0]]
23.534
Tabla número 11
[[4, -9, 5, -3, -9], [9, -3, 6, -7], [8, 0, -7], [9, -1], [-9]]
23.534
Tabla número 12
[[-8, 0, 0, 1, -9], [3, 5, 6, 0], [-9, 0, -7], [0, 0], [-9]]
23.534
Tabla número 13
[[0, -1, -9, 0, 6], [-10, -3, 9, 2], [10, 4, 10], [10, 3], [-4]]
23.534
Tabla número 14
[[4, -5, 5, 6, 5], [3, -2, -1, 6], [-6, -1, -1], [8, 10], [-3]]
23.534
Tabla número 15
[[8, -10, 0, 8, 10], [-9, -3, 6, -8], [-1, 7, -3], [-7, -10], [-2]]
23.534
Tabla número 16
[[4, -3, 6, -5, 4], [5, -1, 0, 0], [-2, -8, -9], [7, -8], [-5]]
23.534
Tabla número 17
[[-8, 2, -7, 0, -6], [-3, -8, 8, 0], [4, -5, 6], [6, 0], [-10]]
23.534
Tabla número 18
[[1, -9, 2, 0, 2], [2, 8, -10, -6], [-2, -7, -3], [-3, -1], [-8]]
23.534
Tabla número 19
[[5, -10, 3, -6, -3], [-7, 6, 2, 3], [4, 7, -4], [-1, -3], [-6]]
24.39506666666667
Tabla número 20
[[-1, 2, -3, -7, -3], [1, 0, -9, -1], [-6, -5, 5], [3, -6], [-10]]
25.005066666666664
Tabla número 21
[[4, 4, -8, -7, -5], [-1, 9, 0, 5], [2, 1, -5], [-5, 7], [5]]
24.755733333333335
Tabla número 22
[[6, -7, -7, 0, 1], [-5, -5, 9, -9], [-6, -1, -4], [4, -1], [-2]]
25.143600000000003
Tabla número 23
[[-1, 2, -2, 7, 8], [-10, 3, 5, -3], [-2, 3, 0], [-4, 0], [2]]
23.534
Tabla número 24
[[-4, -6, 5, -2, -1], [3, -8, -6, -8], [0, 1, 9], [10, 6], [2]]
25.8268
Tabla número 25
[[0, -6, 8, 10, -5], [5, -10, 6, 7], [-3, -3, 4], [9, 9], [-5]]
24.59
Tabla número 26
[[2, 4, -7, 1, -9], [-8, 6, 9, 5], [-10, 9, 1], [-5, -8], [-2]]
23.672533333333334
Tabla número 27
[[1, 6, 9, 2, -7], [-3, 1, 8, -4], [6, -1, -1], [0, 9], [-10]]
24.424133333333334
Tabla número 28
[[2, 4, -2, 4, -10], [3, -10, 4, -6], [10, 4, 10], [0, -5], [6]]
24.716200000000008
Tabla número 29
[[6, 3, 6, -1, -2], [10, 9, 0, 2], [1, 7, -6], [9, -8], [-3]]
25.426
Tabla número 30
[[3, 7, 7, 0, 0], [5, -4, -8, 10], [-2, 2, 0], [4, -1], [-8]]
25.056666666666672
Tabla número 31
[[-4, -5, 6, 0, 10], [-4, 5, 0, 9], [2, -3, -3], [5, 7], [5]]
25.003266666666665
Tabla número 32
[[-2, 4, -2, -5, 7], [-9, -8, 10, 8], [-10, -3, 9], [7, 8], [3]]
24.0898
Tabla número 33
[[-7, 1, 1, -8, -9], [7, -10, 5, -10], [5, -10, -7], [-8, 8], [-4]]
24.84826666666667
Tabla número 34
[[-2, 7, 0, -5, 1], [4, 4, -3, -1], [0, 0, 7], [7, 7], [-2]]
23.436133333333334
Tabla número 35
[[-5, 3, -8, 10, -1], [2, 1, -9, -4], [-8, -1, -7], [-7, -4], [8]]
24.88753333333333
Tabla número 36
[[4, -1, -7, -7, -3], [-9, -3, 4, 8], [-8, -7, 5], [-9, -5], [-1]]
24.39506666666667
Tabla número 37
[[9, 10, 4, 9, 0], [6, 3, -10, -5], [9, -7, -6], [1, 4], [1]]
24.932933333333335
Tabla número 38
[[-9, 5, -9, 7, -9], [5, -4, -4, 7], [-10, -7, 7], [-9, 6], [8]]
25.322266666666664
Tabla número 39
[[-2, 6, -6, 0, 0], [1, -4, -3, -3], [-2, 1, 3], [7, 0], [1]]
26.197866666666673
