Tabla número 0
[[-8, 8, 6, 10, 0], [-8, 6, 4, -6], [-2, -5, -7], [0, -1], [-10]]
23.43086666666667
Tabla número 1
[[-4, 7, 6, -7, 4], [1, -6, 10, -7], [-1, 3, 6], [1, -3], [2]]
23.325466666666664
Tabla número 2
[[4, -3, -8, 1, 8], [-7, 3, 7, -6], [0, -4, -1], [-4, 9], [1]]
23.325466666666664
Tabla número 3
[[-3, 1, 6, 7, -9], [7, -9, -3, 8], [6, -4, 2], [10, -8], [-2]]
23.325466666666664
Tabla número 4
[[6, -6, -7, -5, -3], [6, -8, 8, -4], [-2, -8, 3], [9, 5], [-3]]
23.325466666666664
Tabla número 5
[[6, 10, -9, -5, -7], [3, -2, -3, -5], [1, -1, 7], [7, 0], [-9]]
23.325466666666664
Tabla número 6
[[-8, 4, 4, 0, 0], [2, 9, -9, 2], [-10, -1, -6], [7, -6], [5]]
23.325466666666664
Tabla número 7
[[9, -5, 0, 0, -3], [1, -8, 9, 0], [-6, -3, 0], [6, 9], [-10]]
23.325466666666664
Tabla número 8
[[-4, 1, 2, -5, 0], [-1, 5, -10, 6], [8, -7, -5], [4, -1], [8]]
23.325466666666664
Tabla número 9
[[4, 4, 0, 1, 10], [-10, -3, -3, 10], [-2, -8, -3], [10, 9], [5]]
23.43086666666667
Tabla número 10
[[0, 10, -7, -8, 8], [1, -1, 0, 3], [-6, 0, -8], [-2, -9], [3]]
23.325466666666664
Tabla número 11
[[2, 2, -1, 8, -3], [-5, -5, 8, 5], [10, 9, -7], [2, -6], [-4]]
23.325466666666664
Tabla número 12
[[-8, -6, -6, -7, -5], [2, -4, 9, -6], [-8, 7, -1], [-8, 9], [-8]]
23.325466666666664
Tabla número 13
[[9, 4, 8, -10, -9], [-5, -9, -10, 9], [10, -10, 7], [-6, -8], [-2]]
23.325466666666664
Tabla número 14
[[1, 5, -8, 10, 10], [10, 4, 4, 0], [-3, -3, -5], [-1, 6], [7]]
23.325466666666664
Tabla número 15
[[-8, 2, -8, -3, 4], [3, 0, -10, 9], [-10, 1, -5], [-7, 4], [-10]]
23.325466666666664
Tabla número 16
[[5, -4, -3, -10, 1], [-9, -3, -8, -10], [-1, 0, 9], [8, -8], [-10]]
23.325466666666664
Tabla número 17
[[6, -10, -8, 9, 5], [3, 0, 6, -1], [-1, 5, 4], [10, 7], [0]]
23.325466666666664
Tabla número 18
[[-5, 4, -4, -7, 8], [7, -8, -3, 7], [2, -8, -6], [-4, 7], [-10]]
23.325466666666664
Tabla número 19
[[-2, 3, -7, -3, 2], [3, -5, -4, -5], [-3, 2, 0], [-5, 3], [-4]]
23.325466666666664
Tabla número 20
[[10, -1, -7, 0, -1], [5, 7, 9, 0], [-2, -7, 5], [-1, 6], [0]]
23.43086666666667
Tabla número 21
[[2, 7, 5, -7, -1], [-9, 0, 4, 7], [6, 5, 3], [3, -4], [7]]
23.43086666666667
Tabla número 22
[[6, 2, 5, -3, 0], [-4, -10, 1, -4], [2, 8, -7], [9, -5], [-5]]
25.426399999999997
Tabla número 23
[[4, 2, 0, 10, -5], [-1, -10, 10, 2], [9, 7, -8], [-9, 9], [-9]]
24.157133333333334
Tabla número 24
[[3, 4, 9, -5, 1], [-9, -8, 8, -7], [-2, 4, -7], [-9, 0], [2]]
23.43086666666667
Tabla número 25
[[4, 0, -9, 4, 10], [4, -10, -6, 5], [4, 7, 10], [-9, 2], [5]]
24.08466666666667
Tabla número 26
[[-9, -4, -7, 7, 0], [5, 9, -6, -8], [4, 2, 5], [0, -8], [-4]]
24.749600000000004
Tabla número 27
[[-5, -9, 10, -7, -7], [3, 1, 0, 5], [-10, 1, -9], [5, -5], [2]]
25.94586666666667
Tabla número 28
[[-2, -10, 5, -5, -9], [1, 8, -10, 0], [7, 4, -9], [9, 0], [1]]
24.709466666666668
Tabla número 29
[[-5, -5, -5, 10, -10], [10, 3, 6, 7], [-9, 10, -3], [-8, 0], [-4]]
24.85
Tabla número 30
[[4, -8, 6, 6, 6], [-9, 1, 2, -8], [10, -1, -6], [-8, -4], [-10]]
25.025666666666666
Tabla número 31
[[-10, -3, 7, 7, -6], [7, -6, -9, -1], [6, 7, -3], [6, -1], [1]]
26.113800000000005
Tabla número 32
[[0, -7, 1, 0, -9], [-3, -3, -2, -3], [8, 3, 8], [-7, -10], [-7]]
25.452933333333338
Tabla número 33
[[4, -6, -6, -8, -9], [5, -2, 0, 2], [2, -7, 0], [-3, 8], [8]]
25.548333333333336
Tabla número 34
[[2, -9, -2, -6, 10], [9, -6, 5, -3], [-6, 0, -4], [7, -8], [-10]]
24.087800000000005
Tabla número 35
[[1, -1, 3, 0, 7], [5, -7, 5, -4], [-8, -7, -7], [9, 0], [9]]
24.963066666666666
Tabla número 36
[[7, 6, -1, 0, -4], [-7, -2, 1, -9], [4, 7, -8], [0, 0], [-6]]
26.13939999999999
Tabla número 37
[[-2, 6, 0, 0, -2], [-5, 5, -1, 8], [-2, 1, -7], [7, -1], [-2]]
24.465133333333334
Tabla número 38
[[4, 3, -2, 0, -2], [-3, -10, -9, -1], [9, -3, 1], [2, 10], [2]]
24.791933333333336
Tabla número 39
[[-7, 4, -2, 1, 5], [1, -8, -7, 1], [5, -5, 10], [-2, -1], [-7]]
24.113333333333337
