Tabla número 0
[[-2, 3, -7, -3, 2], [3, -5, -4, -5], [-3, 2, 0], [-5, 3], [-4]]
23.325466666666664
Tabla número 1
[[9, 4, 8, -10, -9], [-5, -9, -10, 9], [10, -10, 7], [-6, -8], [-2]]
23.325466666666664
Tabla número 2
[[-8, 4, 4, 0, 0], [2, 9, -9, 2], [-10, -1, -6], [7, -6], [5]]
23.325466666666664
Tabla número 3
[[9, -5, 0, 0, -3], [1, -8, 9, 0], [-6, -3, 0], [6, 9], [-10]]
23.43086666666667
Tabla número 4
[[-2, 6, 0, 0, -2], [-5, -2, 1, 8], [4, 7, -7], [0, 0], [-2]]
23.43086666666667
Tabla número 5
[[6, -6, -7, -5, -3], [6, -8, 8, -4], [-2, -8, 3], [9, 5], [-3]]
23.325466666666664
Tabla número 6
[[4, -3, -8, 1, 8], [-7, 3, 7, -6], [0, -4, -1], [-4, 9], [1]]
23.325466666666664
Tabla número 7
[[-8, 8, 6, 10, 0], [-8, 6, 4, -6], [-2, -5, -7], [0, -1], [-10]]
23.43086666666667
Tabla número 8
[[0, -7, 1, -8, -9], [5, -2, 6, 2], [2, -7, 8], [-3, 8], [-7]]
23.325466666666664
Tabla número 9
[[4, 2, 0, -3, 0], [-4, -10, 10, 2], [9, 8, -8], [9, -5], [-9]]
23.43086666666667
Tabla número 10
[[-9, -9, 10, -7, 0], [5, 1, 0, 5], [-10, 2, 5], [0, -8], [-4]]
23.43086666666667
Tabla número 11
[[-7, 3, -2, 1, -2], [1, -8, -9, -1], [9, -3, 1], [2, -1], [2]]
23.325466666666664
Tabla número 12
[[-4, 7, 6, -7, 4], [1, -6, 10, -7], [-1, 3, 6], [1, -3], [2]]
23.43086666666667
Tabla número 13
[[2, -9, 3, -6, 10], [9, -7, 5, -3], [-8, -7, -4], [9, -8], [9]]
23.325466666666664
Tabla número 14
[[-4, 1, 2, -5, 0], [-1, 5, -10, 6], [8, -7, -5], [4, -1], [8]]
23.43086666666667
Tabla número 15
[[-8, -6, -6, -7, -5], [2, -4, 9, -6], [-8, 7, -1], [-8, 9], [-8]]
23.43086666666667
Tabla número 16
[[7, 6, -1, 0, -4], [-7, 5, -1, -9], [-2, 1, -8], [7, -1], [-6]]
23.43086666666667
Tabla número 17
[[6, 2, 5, 10, -5], [-1, -10, 9, -4], [2, 7, -7], [-9, 9], [-5]]
23.325466666666664
Tabla número 18
[[2, 7, 5, -7, -1], [-9, 0, 4, 7], [6, 5, 3], [3, -4], [7]]
23.43086666666667
Tabla número 19
[[10, -1, -7, 0, -1], [5, 7, 9, 0], [-2, -7, 5], [-1, 6], [0]]
23.43086666666667
Tabla número 20
[[0, 10, -7, -8, 8], [1, -1, 0, 3], [-6, 0, -8], [-2, -9], [3]]
24.145599999999998
Tabla número 21
[[-5, -4, -7, 7, -7], [3, 9, -6, -8], [4, 1, -9], [5, -5], [2]]
25.57353333333333
Tabla número 22
[[2, 2, -1, 8, -3], [-5, -5, 8, 5], [10, 9, -7], [2, -6], [-4]]
24.732999999999997
Tabla número 23
[[1, 5, -8, 10, 10], [10, 4, 4, 0], [-3, -3, -5], [-1, 6], [7]]
23.665600000000005
Tabla número 24
[[-3, 1, 6, 7, -9], [7, -9, -3, 8], [6, -4, 2], [10, -8], [-2]]
24.973400000000005
Tabla número 25
[[3, 4, 9, -5, 1], [-9, -8, 8, -7], [-2, 4, -7], [-9, 0], [2]]
24.629933333333334
Tabla número 26
[[-5, 4, -4, -7, 8], [7, -8, -3, 7], [2, -8, -6], [-4, 7], [-10]]
24.294333333333334
Tabla número 27
[[6, 10, -9, -5, -7], [3, -2, -3, -5], [1, -1, 7], [7, 0], [-9]]
25.425333333333334
Tabla número 28
[[-8, 2, -8, -3, 4], [3, 0, -10, 9], [-10, 1, -5], [-7, 4], [-10]]
24.08466666666667
Tabla número 29
[[5, -4, -3, -10, 1], [-9, -3, -8, -10], [-1, 0, 9], [8, -8], [-10]]
25.37033333333333
Tabla número 30
[[4, -8, 6, 6, 6], [7, 1, -9, -1], [6, -1, -6], [6, -1], [1]]
24.87066666666667
Tabla número 31
[[4, 4, -2, 0, 5], [-3, -10, -7, 1], [5, -5, 10], [-2, 10], [-7]]
23.325466666666664
Tabla número 32
[[4, 4, 0, 1, 10], [-10, -3, -3, 10], [-2, -8, -3], [10, 9], [5]]
24.848866666666666
Tabla número 33
[[-10, -3, 7, 7, -6], [-9, -6, 2, -8], [10, 7, -3], [-8, -4], [-10]]
24.88933333333333
Tabla número 34
[[1, -1, -2, 0, 7], [5, -6, 5, -4], [-6, 0, -7], [7, 0], [-10]]
24.34873333333334
Tabla número 35
[[-5, -10, -5, -5, -9], [10, 3, -10, 0], [-9, 4, -9], [9, 0], [-4]]
25.432000000000002
Tabla número 36
[[6, -10, -8, 9, 5], [3, 0, 6, -1], [-1, 5, 4], [10, 7], [0]]
25.12126666666667
Tabla número 37
[[-2, -5, 5, 10, -10], [1, 8, 6, 7], [7, 10, -3], [-8, 0], [1]]
24.792666666666662
Tabla número 38
[[4, -6, -6, 0, -9], [-3, -3, 0, -3], [8, 3, 0], [-7, -10], [8]]
27.139333333333337
Tabla número 39
[[4, 0, -9, 4, 10], [4, -10, -6, 5], [4, 7, 10], [-9, 2], [5]]
24.698266666666665
