Tabla número 0
[[6, 0, 0, 10, -7], [6, -5, 8, -6], [9, -7, -8], [9, -5], [-10]]
23.534
Tabla número 1
[[-2, -6, -1, 4, -5], [1, -8, -3, -6], [-1, -7, 3], [-4, 0], [-10]]
23.534
Tabla número 2
[[6, -6, -8, 7, -9], [5, -10, -3, 10], [-2, 2, 9], [-1, -9], [-6]]
23.534
Tabla número 3
[[-5, -1, -9, 0, 5], [7, -9, 9, 2], [10, 4, -1], [10, 10], [-4]]
23.534
Tabla número 4
[[-4, -6, 5, -5, 1], [3, -8, -6, -9], [-2, 1, -9], [4, -1], [3]]
23.534
Tabla número 5
[[-4, 3, -3, 0, 10], [2, 9, 8, 9], [-2, 2, 5], [4, 7], [1]]
23.534
Tabla número 6
[[6, 10, 10, -6, -3], [-9, -2, 4, -4], [6, 0, 9], [0, -6], [-4]]
23.534
Tabla número 7
[[1, -8, -4, 0, 4], [-9, -8, -7, 8], [-1, -3, 7], [-2, 8], [-2]]
23.534
Tabla número 8
[[2, -1, -6, 0, 0], [-8, 0, 4, -6], [-2, 5, -7], [3, -1], [7]]
23.534
Tabla número 9
[[-7, -5, -2, -3, 10], [4, -3, 0, -1], [-6, 7, 0], [-9, -10], [5]]
23.534
Tabla número 10
[[0, 1, -7, 6, 6], [-3, 1, -1, 6], [-6, -1, -8], [9, -1], [8]]
23.534
Tabla número 11
[[4, 10, -7, 0, 10], [9, 1, 10, 7], [-6, 7, 0], [6, 1], [-2]]
23.534
Tabla número 12
[[4, 4, 8, 1, -3], [3, 0, 9, 0], [-1, 0, -7], [-1, -3], [-4]]
23.534
Tabla número 13
[[-8, -5, 5, 0, -6], [-10, -3, -8, -7], [1, -8, 10], [8, 3], [-7]]
23.534
Tabla número 14
[[4, -7, -8, 7, 0], [-4, -10, 9, -4], [2, 7, -5], [9, 9], [-9]]
23.534
Tabla número 15
[[7, -3, 9, 0, -3], [3, -10, 6, -1], [-10, -3, -7], [-8, -1], [-8]]
23.534
Tabla número 16
[[2, -10, 2, -8, -9], [5, -10, 1, 5], [-10, 4, 3], [-3, 0], [-3]]
23.534
Tabla número 17
[[4, 1, 3, -5, -9], [7, 3, -10, -10], [9, -1, -7], [-5, 0], [2]]
23.534
Tabla número 18
[[-8, 4, 5, -7, -1], [5, 7, 8, 2], [-3, -1, -6], [7, -4], [-8]]
23.534
Tabla número 19
[[-1, 6, 6, 10, -10], [-7, 6, 4, -3], [-2, -5, -3], [0, 7], [-6]]
23.534
Tabla número 20
[[-8, 2, -6, -7, -5], [-9, 0, 2, 5], [-8, 7, -1], [9, -8], [-1]]
24.798400000000008
Tabla número 21
[[2, 2, -8, 10, 0], [10, -8, 5, 5], [-8, 9, -7], [2, -8], [-6]]
24.0596
Tabla número 22
[[4, 2, -7, -3, 5], [-10, 6, 10, -3], [-2, 8, -3], [-5, -8], [0]]
25.7486
Tabla número 23
[[1, 7, -3, 8, 8], [1, 4, 5, -7], [0, -7, 7], [5, 9], [7]]
24.387866666666664
Tabla número 24
[[4, 4, -2, -10, -9], [-5, -3, -10, -4], [10, 0, 6], [7, 9], [-10]]
23.534
Tabla número 25
[[-9, 6, 6, -1, 10], [1, -8, -6, -8], [7, 7, 4], [-2, -8], [-3]]
24.839599999999994
Tabla número 26
[[-2, -3, 6, 1, -2], [-9, 9, 6, 0], [-10, 4, -4], [5, 6], [-9]]
23.534
Tabla número 27
[[0, 4, -5, -7, -9], [-7, -9, 9, 7], [2, -1, -5], [10, -8], [-7]]
23.534
Tabla número 28
[[-5, 5, -7, -8, -7], [-1, 5, -9, 3], [4, 1, -9], [5, -6], [2]]
24.7698
Tabla número 29
[[-5, -10, -9, -7, -4], [-1, 8, -3, -5], [-9, 10, -8], [7, 0], [1]]
26.27566666666667
Tabla número 30
[[9, -4, 7, -2, 8], [10, -6, -10, 0], [10, -10, 1], [10, 6], [-2]]
23.534
Tabla número 31
[[-2, -4, -1, -10, 8], [1, -1, 0, -8], [6, -5, -5], [-7, -5], [-9]]
23.534
Tabla número 32
[[9, 2, 1, 9, 1], [-5, -6, 10, 8], [2, 7, -3], [1, 4], [1]]
23.534
Tabla número 33
[[4, 4, -2, -5, 7], [5, -6, 0, 1], [5, 5, -6], [-9, 2], [8]]
23.534
Tabla número 34
[[3, 7, 0, 0, 0], [-3, -2, 6, 7], [6, 1, 0], [7, 0], [8]]
23.534
Tabla número 35
[[8, 3, 0, 10, -1], [3, 3, -9, 0], [4, 3, 10], [-7, 9], [-10]]
23.534
Tabla número 36
[[5, -9, 0, -3, -2], [1, -2, -4, -5], [-3, -8, -7], [0, -4], [5]]
25.723133333333337
Tabla número 37
[[6, 8, 4, -5, 2], [2, 5, 7, 0], [8, 3, 5], [-9, -6], [5]]
25.517733333333336
Tabla número 38
[[-3, 4, -7, 7, 0], [-5, -4, -3, -6], [8, -8, 2], [-8, 9], [-10]]
26.187266666666673
Tabla número 39
[[-10, -9, -8, 10, 4], [3, -4, -9, -6], [4, -7, 7], [-8, -1], [0]]
26.0036
