Tabla número 0
[[-8, 8, 6, 10, 0], [-8, 6, 4, -6], [-2, -5, -7], [0, -1], [-10]]
23.43086666666667
Tabla número 1
[[9, -5, 0, 0, -3], [1, -8, 9, 0], [-6, -3, 0], [6, 9], [-10]]
23.325466666666664
Tabla número 2
[[3, 4, 9, -5, 1], [-9, -8, 8, -7], [-2, 4, -7], [-9, 0], [2]]
25.426399999999997
Tabla número 3
[[9, 4, 8, -10, -9], [-5, -9, -10, 9], [10, -10, 7], [-6, -8], [-2]]
23.325466666666664
Tabla número 4
[[-5, -9, 10, -7, -7], [3, 1, 0, 5], [-10, 1, -9], [5, -5], [2]]
23.43086666666667
Tabla número 5
[[-5, 4, -4, -7, 8], [7, -8, -3, 7], [2, -8, -6], [-4, 7], [-10]]
23.325466666666664
Tabla número 6
[[-8, 2, -8, -3, 4], [3, 0, -10, 9], [-10, 1, -5], [-7, 4], [-10]]
23.325466666666664
Tabla número 7
[[-2, 3, -7, -3, 2], [3, -5, -4, -5], [-3, 2, 0], [-5, 3], [-4]]
23.325466666666664
Tabla número 8
[[4, 4, 0, 1, 10], [-10, -3, -3, 10], [-2, -8, -3], [10, 9], [5]]
23.325466666666664
Tabla número 9
[[2, 7, 5, -7, -1], [-9, 0, 4, 7], [6, 5, 3], [3, -4], [7]]
23.325466666666664
Tabla número 10
[[4, 0, -9, 4, 10], [4, -10, -6, 5], [4, 7, 10], [-9, 2], [5]]
23.325466666666664
Tabla número 11
[[-4, 1, 2, -5, 0], [-1, 5, -10, 6], [8, -7, -5], [4, -1], [8]]
23.325466666666664
Tabla número 12
[[-8, -6, -6, -7, -5], [2, -4, 9, -6], [-8, 7, -1], [-8, 9], [-8]]
23.325466666666664
Tabla número 13
[[6, -6, -7, -5, -3], [6, -8, 8, -4], [-2, -8, 3], [9, 5], [-3]]
23.325466666666664
Tabla número 14
[[6, 2, 5, -3, 0], [-4, -10, 1, -4], [2, 8, -7], [9, -5], [-5]]
23.325466666666664
Tabla número 15
[[2, -9, -2, -6, 10], [9, -6, 5, -3], [-6, 0, -4], [7, -8], [-10]]
23.325466666666664
Tabla número 16
[[-3, 1, 6, 7, -9], [7, -9, -3, 8], [6, -4, 2], [10, -8], [-2]]
23.325466666666664
Tabla número 17
[[6, 10, -9, -5, -7], [3, -2, -3, -5], [1, -1, 7], [7, 0], [-9]]
23.325466666666664
Tabla número 18
[[4, 3, -2, 0, -2], [-3, -10, -9, -1], [9, -3, 1], [2, 10], [2]]
23.325466666666664
Tabla número 19
[[-8, 4, 4, 0, 0], [2, 9, -9, 2], [-10, -1, -6], [7, -6], [5]]
23.325466666666664
Tabla número 20
[[-7, -4, -7, 7, 5], [5, 9, -6, -8], [5, 2, 5], [-2, -1], [-7]]
25.991599999999995
Tabla número 21
[[-9, 4, -2, 1, 0], [1, -8, -7, 1], [4, -5, 10], [0, -8], [-4]]
24.84233333333333
Tabla número 22
[[4, -1, 3, 0, 7], [5, -7, 5, 2], [-8, 7, -8], [-9, 0], [9]]
25.495333333333335
Tabla número 23
[[1, 2, 0, 10, -5], [-1, -10, 10, -4], [9, -7, -7], [9, 9], [-9]]
24.91473333333333
Tabla número 24
[[-10, -3, 5, 7, -9], [7, 8, -9, 0], [7, 7, -9], [6, 0], [1]]
24.271933333333337
Tabla número 25
[[-2, -10, 7, -5, -6], [1, -6, -10, -1], [6, 4, -3], [9, -1], [1]]
25.475266666666666
Tabla número 26
[[-2, 6, 1, 0, -2], [-3, 5, -1, 8], [8, 3, 8], [7, -1], [-2]]
25.146466666666665
Tabla número 27
[[0, -7, 0, 0, -9], [-5, -3, -2, -3], [-2, 1, -7], [-7, -10], [-7]]
26.64053333333333
Tabla número 28
[[0, 10, -7, -8, 8], [1, -1, 0, 3], [-6, 0, -8], [-2, -9], [3]]
23.325466666666664
Tabla número 29
[[4, -8, 6, 6, 6], [-9, 1, 2, -8], [10, 9, -6], [-8, -4], [-10]]
25.1362
Tabla número 30
[[2, 7, -1, 8, -3], [1, -6, 8, 5], [-1, 3, 6], [2, -3], [-4]]
23.75453333333333
Tabla número 31
[[-4, 2, 6, -7, 4], [-5, -5, 10, -7], [10, 9, -7], [1, -6], [2]]
25.633333333333336
Tabla número 32
[[6, 6, -1, 0, -4], [3, -2, 6, -9], [4, 7, -8], [0, 7], [0]]
24.201533333333337
Tabla número 33
[[7, -10, -8, 9, 5], [-7, 0, 1, -1], [-1, 5, 4], [10, 0], [-6]]
24.479133333333333
Tabla número 34
[[5, -4, -6, -10, -9], [5, -2, -8, -10], [-1, 0, 9], [8, -8], [-10]]
25.477800000000006
Tabla número 35
[[4, -6, -3, -8, 1], [-9, -3, 0, 2], [2, -7, 0], [-3, 8], [8]]
24.494066666666665
Tabla número 36
[[1, 5, -8, 0, 10], [10, 7, 4, 0], [-2, -3, -5], [-1, -7], [0]]
24.212600000000002
Tabla número 37
[[10, -1, -7, 10, -1], [5, 4, 9, 0], [-3, -7, 5], [-1, 6], [7]]
25.200466666666667
Tabla número 38
[[-5, -3, -5, 10, -10], [10, 3, 7, 7], [-9, -4, -1], [-8, 9], [1]]
26.494799999999994
Tabla número 39
[[4, -5, -8, 1, 8], [-7, 3, 6, -6], [0, 10, -3], [-4, 0], [-4]]
24.589066666666668
