Tabla número 0
[[4, 6, -3, 9, -1], [9, 3, -9, -4], [-2, 1, 5], [9, 8], [-2]]
23.534
Tabla número 1
[[4, 2, -4, 0, -3], [8, 9, 9, -9], [-6, -1, 9], [4, -6], [-2]]
23.534
Tabla número 2
[[-3, 5, 2, 0, 0], [3, 1, -3, 2], [-2, -7, 10], [-3, 3], [-8]]
23.534
Tabla número 3
[[4, -8, -8, 10, 0], [-9, -3, -1, -3], [-10, -8, 3], [8, -5], [-9]]
23.534
Tabla número 4
[[6, 2, -8, -5, 8], [5, -3, 4, -8], [9, 5, -9], [10, -6], [0]]
23.534
Tabla número 5
[[-2, 2, 0, -7, -9], [2, -10, -6, -10], [0, 7, 4], [-2, 0], [-3]]
23.534
Tabla número 6
[[4, 4, 1, 0, 0], [-4, 5, 5, 5], [6, 4, -7], [0, -8], [-9]]
23.534
Tabla número 7
[[9, -4, 5, 10, -5], [-5, 7, 6, 8], [6, 1, 7], [-2, 9], [-7]]
23.534
Tabla número 8
[[-7, 5, 3, -1, 6], [-9, -8, -4, 10], [-8, -7, -8], [0, -6], [-10]]
23.534
Tabla número 9
[[-4, 0, 0, 0, -4], [10, -2, 5, 0], [-1, 8, -5], [3, 9], [-10]]
23.534
Tabla número 10
[[6, -6, 5, 2, -9], [9, 6, 6, 7], [-8, -1, -3], [7, -5], [-10]]
23.534
Tabla número 11
[[4, -1, -1, -5, -1], [6, -4, -3, 0], [7, -8, 0], [6, 0], [-10]]
23.534
Tabla número 12
[[-8, -5, -7, -3, 0], [5, -4, -10, 2], [10, 2, -8], [-1, 4], [1]]
23.534
Tabla número 13
[[4, 10, -2, -10, -7], [1, -6, 0, 1], [5, -5, 9], [-1, -1], [-4]]
23.534
Tabla número 14
[[-2, 4, -6, -3, 5], [1, -8, -8, -6], [9, 5, -7], [-9, -1], [5]]
23.534
Tabla número 15
[[-9, 1, 10, 10, -9], [3, -4, -10, 0], [-9, 7, -7], [-4, -5], [0]]
23.534
Tabla número 16
[[-8, -5, 5, -3, -2], [-8, -6, 2, 7], [10, -7, -4], [0, -9], [5]]
23.534
Tabla número 17
[[0, -6, 6, 7, 1], [-5, -8, 10, -8], [-2, -3, 6], [-9, -8], [-6]]
23.534
Tabla número 18
[[7, -3, -5, 0, 8], [1, -9, 0, 6], [-10, -8, 0], [8, 7], [-8]]
23.534
Tabla número 19
[[6, 3, -7, 7, 10], [5, 0, 8, -4], [10, 4, 10], [-8, 0], [-3]]
23.534
Tabla número 20
[[1, 1, 9, -8, 2], [2, 9, -6, 5], [4, 10, 1], [7, 9], [-8]]
24.353999999999996
Tabla número 21
[[-5, 7, -9, -7, -9], [4, -9, 8, -1], [-3, 10, -1], [9, -8], [-1]]
25.164066666666667
Tabla número 22
[[-4, 2, 0, 1, 4], [4, -2, 10, -4], [-2, -3, -3], [7, -4], [8]]
24.263066666666667
Tabla número 23
[[5, 8, 7, 0, -7], [5, -4, 9, -1], [-2, 10, 3], [3, -1], [-6]]
24.612000000000005
Tabla número 24
[[1, -1, -3, 4, 7], [7, -8, 9, 0], [-10, 7, -5], [-8, -1], [-7]]
26.038666666666664
Tabla número 25
[[2, 6, 6, 7, -5], [1, 0, 5, 7], [0, 9, 5], [-9, -3], [1]]
25.17126666666666
Tabla número 26
[[-5, -6, -1, -5, 8], [-10, -3, 4, 9], [-6, -1, -9], [-1, -1], [-4]]
23.534
Tabla número 27
[[4, 4, -7, -6, 5], [1, -1, -3, -6], [4, 0, -7], [-5, 0], [0]]
25.464066666666668
Tabla número 28
[[2, 3, -2, 3, -10], [-7, -10, 7, -6], [-1, -3, 9], [-9, 6], [1]]
23.534
Tabla número 29
[[-1, -9, -7, 10, -3], [-5, 3, -10, -1], [9, 2, -8], [-5, 0], [-2]]
23.534
Tabla número 30
[[4, 7, 4, 3, 10], [-1, 4, -7, -6], [6, -8, 7], [-2, 10], [-6]]
23.798466666666666
Tabla número 31
[[9, -10, -6, -2, -6], [-7, 5, 5, 3], [6, 1, -7], [-8, 0], [6]]
24.743533333333335
Tabla número 32
[[6, 8, 8, -7, -9], [-3, -3, 6, -7], [-6, 0, -4], [7, -4], [2]]
23.534
Tabla número 33
[[-10, -9, -2, 6, 10], [-9, 8, 4, -5], [8, 3, -1], [9, -8], [7]]
23.534
Tabla número 34
[[8, 4, -8, -5, 0], [10, -5, -9, -6], [1, 7, -7], [9, -10], [8]]
24.99186666666667
Tabla número 35
[[-8, 10, -7, 0, 1], [-10, 0, 5, -5], [2, 4, 5], [0, -1], [-7]]
25.176066666666664
Tabla número 36
[[-1, -7, -9, -7, -2], [-9, -10, 9, 5], [-2, 0, 0], [-5, 6], [-10]]
25.02153333333333
Tabla número 37
[[-2, -3, -8, 8, 10], [3, -6, 0, 0], [-6, -7, -5], [4, -8], [-5]]
25.445000000000004
Tabla número 38
[[-7, 4, 1, 1, -3], [3, 1, 6, 8], [-1, -1, -3], [-9, 7], [-1]]
25.136133333333337
Tabla número 39
[[0, -10, 5, 10, 4], [3, 6, 0, -3], [4, 3, -6], [10, 9], [-3]]
24.810600000000004
