Tabla número 0
[[-2, 2, 0, -7, -9], [2, -10, -6, -10], [0, 7, 4], [-2, 0], [-3]]
23.534
Tabla número 1
[[0, 4, 1, 1, 4], [3, 1, 6, 8], [-1, -1, -6], [10, 9], [-3]]
23.534
Tabla número 2
[[1, 1, 9, 3, -9], [4, -10, 7, -6], [-1, -3, 9], [9, -8], [1]]
23.534
Tabla número 3
[[4, 2, -4, 0, -3], [8, 9, 9, -9], [-6, -1, 9], [4, -6], [-2]]
23.534
Tabla número 4
[[7, -3, -5, 0, 8], [1, -9, 0, 6], [-10, -8, 0], [8, 7], [-8]]
24.119799999999998
Tabla número 5
[[1, -1, -3, 4, 7], [7, -8, 9, 0], [-10, 7, -5], [-8, -1], [-7]]
23.534
Tabla número 6
[[-7, -10, 5, 10, -3], [3, 6, 0, -3], [4, 3, -3], [-9, 7], [-1]]
23.534
Tabla número 7
[[4, -6, 5, 2, -9], [6, 6, -3, 7], [7, -8, -3], [6, -5], [-10]]
23.534
Tabla número 8
[[6, 8, 8, -7, -9], [-3, -3, 6, -7], [-6, 0, -4], [7, -4], [2]]
23.534
Tabla número 9
[[6, -1, -1, -5, -1], [9, -4, 6, 0], [-8, -1, 0], [7, 0], [-10]]
23.534
Tabla número 10
[[4, 4, 1, 0, 0], [-4, 5, 5, 5], [6, 4, -7], [0, -8], [-9]]
23.534
Tabla número 11
[[6, 3, -2, 7, 10], [5, -6, 0, 1], [10, 4, 9], [-1, 0], [-3]]
23.534
Tabla número 12
[[-9, 1, 10, 10, -9], [3, -4, -10, 0], [-9, 7, -7], [-4, -5], [0]]
23.534
Tabla número 13
[[-5, -6, -1, -5, 8], [-10, -3, 4, 9], [-6, -1, -9], [-1, -1], [-4]]
23.534
Tabla número 14
[[9, -10, -6, -2, -6], [-1, 5, -7, 3], [6, 1, -7], [-8, 10], [-6]]
23.534
Tabla número 15
[[-7, 5, 3, -1, 6], [-9, -8, -4, 10], [-8, -7, -8], [0, -6], [-10]]
23.534
Tabla número 16
[[4, -5, -8, 10, 0], [-9, -6, -1, -3], [-10, -7, 3], [8, -5], [-9]]
23.534
Tabla número 17
[[4, 10, -7, -10, -7], [1, 0, 8, -4], [5, -5, 10], [-8, -1], [-4]]
23.534
Tabla número 18
[[-2, -7, -8, -7, 10], [3, -6, 0, 5], [-6, 0, 0], [-5, -8], [-10]]
23.534
Tabla número 19
[[5, 2, -7, -6, -7], [1, -2, 9, -4], [4, -3, 3], [3, -1], [0]]
23.534
Tabla número 20
[[4, 6, -3, 9, -1], [9, 3, -9, -4], [-2, 1, 5], [9, 8], [-2]]
24.664866666666672
Tabla número 21
[[2, 3, -2, -7, -10], [-7, -9, 8, 5], [4, 10, -1], [-9, 6], [-8]]
24.728666666666665
Tabla número 22
[[-8, -8, 5, -3, -2], [-8, -3, 2, 7], [10, -8, -4], [0, -9], [5]]
26.054999999999996
Tabla número 23
[[-5, 7, -9, -8, 2], [2, 9, -6, -1], [-3, 10, 1], [7, 9], [-1]]
25.176000000000005
Tabla número 24
[[0, -6, 6, 7, 1], [-5, -8, 10, -8], [-2, -3, 6], [-9, -8], [-6]]
25.041133333333335
Tabla número 25
[[-4, 0, 0, 0, -4], [10, -2, 5, 0], [-1, 8, -5], [3, 9], [-10]]
25.009533333333334
Tabla número 26
[[2, 6, 6, 7, -5], [1, 0, 5, 7], [1, 9, 5], [-9, -3], [1]]
24.254133333333336
Tabla número 27
[[4, 4, 7, 1, 5], [5, -1, -3, -6], [-2, 0, -7], [-5, 0], [-6]]
25.464066666666668
Tabla número 28
[[-2, 4, -6, -3, 5], [1, -8, -8, -6], [9, 5, -7], [-9, -1], [5]]
25.537599999999998
Tabla número 29
[[-4, 8, 0, 0, 4], [4, -4, 10, -1], [-2, 10, -3], [7, -4], [8]]
24.548266666666667
Tabla número 30
[[-1, -9, -7, 10, -3], [-5, 3, -10, -1], [9, 2, -8], [-5, 0], [-2]]
24.701133333333335
Tabla número 31
[[4, 7, 4, 3, 10], [-7, 4, -6, -6], [6, -8, 7], [-2, 0], [6]]
23.534
Tabla número 32
[[9, -4, 5, 10, -5], [-5, 7, 6, 8], [6, 1, 7], [-2, 9], [-7]]
24.960866666666668
Tabla número 33
[[-8, 4, -8, 0, 1], [10, -5, -9, -5], [2, 7, -7], [9, -1], [8]]
26.038666666666664
Tabla número 34
[[6, 2, -8, -5, 8], [5, -3, 4, -8], [9, 5, -9], [10, -6], [0]]
23.534
Tabla número 35
[[-10, -9, -2, 6, 10], [-9, 8, 4, -5], [8, 3, -1], [9, -8], [7]]
24.701133333333335
Tabla número 36
[[-3, 5, 2, 0, 0], [3, 1, -3, 2], [-2, -7, 10], [-3, 3], [-8]]
24.90986666666667
Tabla número 37
[[-1, -3, -9, 8, -2], [-9, -10, 9, 0], [-2, -7, -5], [4, 6], [-5]]
23.534
Tabla número 38
[[-8, -5, -7, -3, 0], [5, -4, -10, 2], [10, 2, -8], [-1, 4], [1]]
24.8694
Tabla número 39
[[8, 10, -7, -5, 0], [-10, 0, 5, -6], [1, 4, 5], [0, -10], [-7]]
24.93993333333333
