Tabla número 0
[[-2, 6, 1, 0, -2], [-3, 5, -1, 8], [8, 3, 8], [7, -1], [-2]]
23.325466666666664
Tabla número 1
[[7, -10, -8, 9, 5], [-7, 0, 1, -1], [-1, 5, 4], [10, 0], [-6]]
23.325466666666664
Tabla número 2
[[10, 4, 0, 1, 10], [-10, -3, -3, 10], [-3, -7, 5], [-1, 9], [5]]
23.325466666666664
Tabla número 3
[[-3, 1, 6, 7, -9], [7, -9, -3, 8], [6, -4, 2], [10, -8], [-2]]
23.325466666666664
Tabla número 4
[[-5, -4, -4, -10, 8], [5, -2, -3, 7], [2, 0, -6], [-4, 7], [-10]]
23.325466666666664
Tabla número 5
[[-8, 8, 6, 10, 0], [-8, 6, 4, -6], [-2, -5, -7], [0, -1], [-10]]
23.325466666666664
Tabla número 6
[[-2, 6, -1, 0, -4], [3, 5, -4, 6], [-3, -7, -5], [-5, -1], [0]]
24.841866666666668
Tabla número 7
[[-5, 0, 5, -7, -7], [-9, 0, 4, 5], [6, 5, -9], [5, -4], [7]]
23.325466666666664
Tabla número 8
[[5, 4, -6, -7, -9], [7, -8, -8, -10], [-1, -8, 9], [8, -8], [-10]]
25.04253333333333
Tabla número 9
[[4, -8, 6, 6, 6], [-9, 1, 2, -8], [10, 9, -6], [-8, -4], [-10]]
23.325466666666664
Tabla número 10
[[4, -6, -7, -5, -3], [6, -10, -9, -4], [-2, -3, 1], [2, 5], [-3]]
23.325466666666664
Tabla número 11
[[-5, -3, -5, 10, -10], [10, 3, 7, 7], [-9, -4, -1], [-8, 9], [1]]
23.325466666666664
Tabla número 12
[[9, -7, 0, 0, -9], [-5, -9, -2, -3], [-2, -10, -7], [-6, -8], [-2]]
23.325466666666664
Tabla número 13
[[6, 3, -2, 0, -2], [-3, -8, 8, -1], [9, -8, 3], [9, 10], [2]]
23.325466666666664
Tabla número 14
[[-8, 2, 0, 0, -3], [-1, -8, 10, -4], [9, -7, 0], [6, 9], [5]]
23.325466666666664
Tabla número 15
[[4, -5, -8, -5, 10], [-7, 3, 4, -6], [-2, -3, -3], [-9, -7], [-4]]
23.325466666666664
Tabla número 16
[[4, -1, 3, 0, 7], [5, -7, 5, 2], [-8, 7, -8], [-9, 0], [9]]
23.325466666666664
Tabla número 17
[[-10, -3, 5, 7, -9], [7, 8, -9, 0], [7, 7, -9], [6, 0], [1]]
23.325466666666664
Tabla número 18
[[1, 4, 9, 0, 1], [-9, -8, 8, -7], [4, 4, 0], [0, 3], [-4]]
23.87666666666667
Tabla número 19
[[-9, 4, -2, 1, 4], [-5, -8, 10, 1], [4, 9, 10], [0, -8], [2]]
23.325466666666664
Tabla número 20
[[9, -5, 0, -7, -1], [3, -10, 9, 0], [-6, -3, -6], [3, 9], [-10]]
23.793133333333333
Tabla número 21
[[2, 7, -2, 0, -5], [1, -10, 0, 7], [-10, 1, 3], [7, -5], [2]]
24.613066666666665
Tabla número 22
[[-8, -6, -6, -3, 4], [3, 0, 9, -6], [-8, 1, -1], [-8, 9], [-10]]
25.2754
Tabla número 23
[[-8, 2, -8, -7, -5], [2, -4, -10, 9], [-10, 7, -5], [-7, 4], [-8]]
25.040599999999998
Tabla número 24
[[6, 10, -9, -5, 0], [-4, -1, 1, -4], [1, 8, 7], [9, 0], [-9]]
24.9384
Tabla número 25
[[4, -6, -3, -8, 1], [-9, -3, 0, 2], [2, -7, 0], [-3, 8], [8]]
23.325466666666664
Tabla número 26
[[4, -9, -2, -6, 10], [4, -6, 5, -3], [4, 7, -4], [-9, -8], [-10]]
24.69193333333333
Tabla número 27
[[2, -9, -9, 4, 10], [9, 1, -6, 5], [-6, 0, 10], [7, 2], [5]]
24.887733333333337
Tabla número 28
[[-7, -4, -7, 7, 5], [1, -1, -6, -8], [-6, 2, -8], [-2, -1], [3]]
25.974666666666664
Tabla número 29
[[0, 10, -7, -8, 8], [5, 9, 0, 3], [5, 0, 5], [-2, -9], [-7]]
24.133666666666667
Tabla número 30
[[2, 7, -1, 8, -3], [1, -6, 8, 5], [-1, 3, 6], [2, -3], [-4]]
23.325466666666664
Tabla número 31
[[0, 4, 8, -10, -9], [-5, -3, -10, 9], [10, 1, 7], [-7, -10], [-7]]
23.325466666666664
Tabla número 32
[[-4, -10, 6, -7, 0], [1, -5, -7, -7], [10, 4, -7], [1, -1], [-4]]
26.144466666666673
Tabla número 33
[[-2, 2, 7, -5, -6], [1, -6, -10, -1], [6, -5, -3], [9, -6], [1]]
25.248466666666666
Tabla número 34
[[-4, 1, 2, -5, 0], [2, 9, -10, 2], [8, -1, -8], [9, -6], [8]]
25.26513333333333
Tabla número 35
[[1, 4, 4, 10, 0], [-1, -5, -9, -5], [-10, 7, -7], [4, 7], [-9]]
25.50693333333333
Tabla número 36
[[4, -1, -7, 10, -1], [5, 4, 9, 0], [-2, -8, -3], [10, 6], [7]]
23.87666666666667
Tabla número 37
[[3, 5, -8, 1, 8], [10, 7, 6, 0], [0, 10, -7], [-4, 0], [0]]
23.87666666666667
Tabla número 38
[[6, 2, -7, -3, -7], [3, -2, 6, -9], [-2, -1, -7], [-1, -5], [-5]]
26.047266666666662
Tabla número 39
[[6, 3, 5, -3, 2], [3, -10, -3, -5], [2, 2, -5], [7, 0], [2]]
24.435466666666674
