Tabla número 0
[[2, -6, -8, 4, -10], [-1, 1, 4, 10], [5, 8, 6], [4, 9], [7]]
23.534
Tabla número 1
[[4, 5, -7, -3, -2], [10, -3, -10, -4], [-10, 7, -1], [-8, 3], [-6]]
23.804999999999996
Tabla número 2
[[4, 8, 5, 7, -9], [3, -8, -6, 0], [0, 7, -3], [-9, 0], [0]]
23.804999999999996
Tabla número 3
[[9, 7, 9, 3, -10], [-9, -9, 6, 5], [-10, -3, -7], [-5, 8], [6]]
23.804999999999996
Tabla número 4
[[-4, -3, 2, -1, 10], [1, 3, 8, 2], [-6, -1, -7], [0, 7], [-1]]
23.804999999999996
Tabla número 5
[[-4, 4, -1, -5, 4], [-7, -4, 6, 7], [10, 2, 3], [-5, -3], [1]]
23.804999999999996
Tabla número 6
[[0, -6, -8, 1, -3], [1, -5, 6, 7], [10, -8, -8], [7, 7], [8]]
23.804999999999996
Tabla número 7
[[-8, -4, 0, -7, -5], [-4, -4, -3, 0], [-6, 10, -9], [3, -4], [-10]]
23.804999999999996
Tabla número 8
[[-2, 10, -6, 0, -5], [10, 4, -4, -8], [-1, -3, 9], [5, 9], [-10]]
23.804999999999996
Tabla número 9
[[1, 2, -3, 0, -7], [-8, -10, -9, -4], [3, 5, 3], [-2, -1], [2]]
23.804999999999996
Tabla número 10
[[-5, 9, -4, 10, -9], [9, 0, 5, 10], [9, -8, -7], [10, 9], [-1]]
23.804999999999996
Tabla número 11
[[4, -9, 6, -8, 5], [5, -8, -1, 2], [5, -7, -9], [-5, 0], [1]]
23.599
Tabla número 12
[[-2, -6, -7, -7, -4], [3, -4, 0, 1], [-1, -1, 0], [9, -8], [8]]
23.804999999999996
Tabla número 13
[[-7, 4, -3, 2, -9], [-7, 6, -10, 9], [9, 4, 10], [10, -6], [-2]]
23.804999999999996
Tabla número 14
[[-8, 1, -6, 7, 6], [0, -2, -3, -6], [-6, 7, -7], [0, -6], [-4]]
23.804999999999996
Tabla número 15
[[-7, 4, -7, -3, -1], [10, 0, -6, 6], [4, -1, 0], [-1, 0], [-4]]
23.804999999999996
Tabla número 16
[[9, -1, 7, -6, -1], [5, -3, -7, -2], [-2, -1, -5], [7, 4], [-6]]
23.804999999999996
Tabla número 17
[[5, 9, 5, 0, -2], [4, -6, 5, -5], [-2, -7, 7], [3, -8], [-7]]
23.804999999999996
Tabla número 18
[[-1, 0, 5, -10, -9], [6, -9, 9, -3], [7, 3, -3], [-2, 6], [-4]]
23.804999999999996
Tabla número 19
[[-10, -10, -9, 0, 1], [8, -8, 0, -7], [-3, -4, -4], [0, -1], [-10]]
23.804999999999996
Tabla número 20
[[7, -5, -1, -5, 0], [-5, 7, 4, 5], [-8, 5, -8], [-9, -10], [-7]]
25.517733333333332
Tabla número 21
[[8, 6, 3, -3, 7], [5, 6, 0, -4], [6, -5, 0], [8, -8], [-3]]
24.578199999999992
Tabla número 22
[[4, -7, -9, -7, 1], [-3, -1, 5, -6], [-2, -8, 1], [-8, -8], [-9]]
23.804999999999996
Tabla número 23
[[-8, 7, 8, 9, 10], [-9, 5, 9, -5], [-2, 4, 4], [8, -5], [-3]]
23.804999999999996
Tabla número 24
[[-2, -5, 3, 6, 8], [6, -3, 7, 5], [5, 4, 3], [-9, -1], [-10]]
23.804999999999996
Tabla número 25
[[4, 2, -2, 3, 5], [-10, -4, 8, 8], [-8, 3, 3], [-8, 10], [-9]]
26.89446666666667
Tabla número 26
[[4, 5, 0, 1, 0], [-10, -6, -9, -1], [1, 0, 0], [9, -1], [10]]
26.368199999999998
Tabla número 27
[[6, -9, 10, 0, 0], [-5, 0, 4, 0], [4, 10, 7], [-1, 0], [5]]
25.59886666666667
Tabla número 28
[[6, 3, -2, 0, 2], [3, 9, 9, 2], [6, 1, 9], [9, 7], [0]]
24.729400000000002
Tabla número 29
[[-9, -10, -5, -2, -9], [2, -9, 4, -10], [-8, -3, 5], [-8, 0], [-10]]
25.068266666666666
Tabla número 30
[[4, 10, 0, 10, 0], [-9, 3, 5, 9], [6, -3, 9], [-8, -1], [0]]
23.804999999999996
Tabla número 31
[[-3, -3, 5, 0, 7], [4, 9, -3, 3], [-8, 1, 5], [9, -1], [-6]]
23.804999999999996
Tabla número 32
[[6, -5, 1, -7, -6], [3, -6, 10, 8], [-1, 0, -7], [6, 3], [-7]]
23.804999999999996
Tabla número 33
[[4, 8, -8, 10, -7], [1, -4, -6, 6], [-2, 9, -1], [3, 3], [-8]]
23.804999999999996
Tabla número 34
[[2, 2, 5, 2, 5], [-5, -8, -10, -8], [-2, -7, 2], [4, -9], [0]]
25.2052
Tabla número 35
[[0, 2, -7, 10, -3], [5, 5, 9, -6], [-1, 7, -3], [-9, -5], [-2]]
24.747000000000003
Tabla número 36
[[1, 1, -7, 0, 10], [1, -9, 2, 7], [10, -7, 5], [0, -8], [-3]]
24.44573333333333
Tabla número 37
[[-5, 4, -8, -5, 10], [-9, -10, 0, 0], [6, -6, 10], [0, -6], [8]]
25.57
Tabla número 38
[[6, 3, 6, 7, -3], [3, -6, 10, -1], [-6, -8, -4], [-1, -5], [-8]]
24.549599999999998
Tabla número 39
[[-1, 6, 4, 10, 8], [2, 0, 6, -2], [-9, -4, 5], [8, -4], [-4]]
24.417199999999994
