Tabla número 0
[[6, 1, -7, 0, 0], [9, -4, -8, -4], [-2, 2, 0], [-1, -1], [-1]]
23.534
Tabla número 1
[[2, 5, 2, 7, 0], [5, -10, 4, -6], [-10, 4, -6], [3, -6], [-9]]
23.534
Tabla número 2
[[-9, 7, 5, -3, -9], [9, 8, 6, -1], [8, 0, 7], [-3, 6], [-8]]
23.534
Tabla número 3
[[4, 10, 0, -7, -5], [1, -2, 6, -6], [6, 1, -7], [7, 0], [-9]]
23.534
Tabla número 4
[[4, -9, -7, 0, -6], [-3, 6, 10, -7], [4, -5, -7], [9, -8], [-2]]
25.246400000000005
Tabla número 5
[[6, 3, -3, -10, -2], [1, 9, 0, 5], [1, 2, -8], [9, 1], [1]]
23.534
Tabla número 6
[[0, -6, 8, 1, -9], [3, 5, 6, 7], [-9, 0, 4], [9, 9], [-5]]
23.534
Tabla número 7
[[8, -10, 0, 10, 8], [3, 3, 6, -8], [4, -7, 10], [-7, 0], [-10]]
23.534
Tabla número 8
[[2, 4, -5, 10, -9], [-7, -9, 9, 5], [-6, 7, -5], [10, -8], [-7]]
23.534
Tabla número 9
[[2, 10, -3, 8, 10], [2, 1, -9, -5], [-6, 7, 5], [1, 4], [-2]]
23.534
Tabla número 10
[[4, 8, -6, 0, 0], [2, -2, -4, 7], [-1, 10, 0], [-9, -4], [8]]
23.534
Tabla número 11
[[6, 4, -1, -3, 4], [5, -5, 7, -7], [-6, 8, 9], [5, -6], [-4]]
23.534
Tabla número 12
[[-2, -7, -2, 0, 7], [-9, -8, 9, 8], [-10, -3, -4], [4, 8], [-2]]
23.534
Tabla número 13
[[3, 7, 10, 1, -7], [-8, -10, 4, 10], [6, 7, 9], [-9, -8], [2]]
23.534
Tabla número 14
[[9, 2, 4, 9, 8], [-10, -6, 5, 8], [2, -8, -3], [0, -6], [1]]
23.534
Tabla número 15
[[4, -9, -9, 0, 0], [-5, -4, 10, -5], [-2, 5, -3], [-8, -1], [-10]]
23.534
Tabla número 16
[[4, 4, -7, 10, -3], [-9, -3, 2, 3], [4, 7, -4], [-9, -3], [-1]]
23.534
Tabla número 17
[[-7, 4, -8, -7, -5], [-9, 0, -6, -1], [-8, -1, -7], [2, -4], [-10]]
23.534
Tabla número 18
[[1, -8, -4, 3, 4], [-9, -6, -7, 7], [-1, -8, 3], [-2, -9], [8]]
23.534
Tabla número 19
[[9, -4, 6, -1, 8], [10, 7, -10, 2], [10, 7, -6], [-2, -8], [-3]]
23.534
Tabla número 20
[[0, -5, 5, 6, 6], [-10, -3, -1, 6], [-6, -1, 10], [8, 3], [-7]]
24.162466666666667
Tabla número 21
[[-5, -1, -9, 0, 5], [7, -9, 9, 2], [10, 4, -1], [10, 10], [-4]]
23.8292
Tabla número 22
[[-2, -3, 6, 0, -3], [5, -1, 10, -3], [-2, -7, 2], [0, -1], [1]]
24.620066666666666
Tabla número 23
[[4, 6, -1, -10, -4], [-5, -8, -3, -8], [5, -1, 3], [7, 9], [-8]]
25.281599999999994
Tabla número 24
[[1, 2, 9, -7, 5], [3, -10, 9, -4], [-2, -3, -1], [-8, 8], [5]]
24.83373333333333
Tabla número 25
[[-8, -1, 0, -5, 2], [-3, -8, 5, 0], [-3, 9, 5], [-8, -5], [5]]
25.232599999999998
Tabla número 26
[[5, 2, 0, -6, -3], [6, -2, 8, -4], [9, 3, 0], [-4, -10], [-4]]
24.77306666666667
Tabla número 27
[[4, 1, 3, -5, -9], [7, 3, -10, -10], [9, -1, -7], [-5, 0], [2]]
25.585533333333327
Tabla número 28
[[-10, -3, -7, -5, 10], [3, 0, 0, 0], [2, -8, -8], [7, -8], [7]]
25.586399999999994
Tabla número 29
[[-5, 3, -8, -8, -1], [-1, 9, -9, 1], [5, 1, -9], [-7, 9], [8]]
23.534
Tabla número 30
[[-3, -4, -8, 10, -7], [-5, -4, -3, 0], [6, 3, -5], [5, 9], [0]]
23.534
Tabla número 31
[[-8, 4, 7, -2, -1], [5, -6, 8, 0], [7, -10, 1], [10, 6], [-2]]
23.534
Tabla número 32
[[6, -10, -8, 7, 10], [-7, 6, 0, 5], [-1, 5, -5], [-1, 0], [-3]]
24.617200000000004
Tabla número 33
[[-1, 6, -2, -3, -10], [4, -3, 4, -3], [-2, -5, -8], [0, -5], [-6]]
25.78726666666667
Tabla número 34
[[7, -6, -7, 7, -2], [1, 4, -3, -6], [-10, 4, -7], [-5, 7], [0]]
23.534
Tabla número 35
[[-4, -6, 5, -5, 1], [3, -8, -6, -9], [-2, 1, -9], [4, -1], [3]]
23.726266666666664
Tabla número 36
[[-8, -5, 6, 10, 10], [-4, 1, 0, 0], [2, 0, -3], [5, 7], [-10]]
24.669933333333336
Tabla número 37
[[-4, 2, 1, 0, 1], [-1, 5, 8, 9], [0, -3, 7], [6, 7], [5]]
24.752266666666667
Tabla número 38
[[-2, 4, -2, 4, -9], [1, -3, -10, -6], [10, -7, 6], [7, -1], [6]]
24.565266666666663
Tabla número 39
[[4, 0, -6, -7, 0], [10, 0, -3, -6], [-8, -7, -7], [9, 0], [7]]
24.565266666666663
