Tabla número 0
[[-4, 7, 7, 0, 10], [5, 5, -8, 9], [2, -3, -3], [4, 7], [-8]]
24.39506666666667
Tabla número 1
[[3, -5, 6, 0, 0], [-4, -4, 0, 10], [-2, 2, 0], [5, -1], [5]]
23.534
Tabla número 2
[[4, -1, -7, -7, -3], [-9, -3, 4, 8], [-8, -7, 5], [-9, -5], [-1]]
23.534
Tabla número 3
[[5, -10, 3, -6, -3], [-7, 6, 2, 3], [4, 7, -4], [-1, -3], [-6]]
23.534
Tabla número 4
[[4, 4, -1, 10, 10], [10, 0, 10, -6], [4, 5, -8], [9, 0], [-10]]
23.534
Tabla número 5
[[-2, 3, 0, 10, 1], [2, 1, -3, -1], [0, 0, -7], [7, -4], [8]]
23.534
Tabla número 6
[[1, -9, 2, 0, 2], [2, 8, -10, -6], [-2, -7, -3], [-3, -1], [-8]]
23.534
Tabla número 7
[[4, -9, 5, -3, -9], [9, -3, 6, -7], [8, 0, -7], [9, -1], [-9]]
23.534
Tabla número 8
[[-2, 4, -2, -5, -9], [-9, -10, 10, -10], [5, -3, 9], [7, 8], [-4]]
23.534
Tabla número 9
[[1, 4, 9, 1, -9], [-8, 1, 9, 5], [-10, -1, 1], [0, 9], [-10]]
23.534
Tabla número 10
[[-5, 7, -8, -5, -1], [4, 4, -9, -4], [-8, -1, 7], [-7, 7], [-2]]
23.534
Tabla número 11
[[4, 4, -4, 3, -2], [1, -6, -7, 7], [-6, 10, -7], [-2, -9], [8]]
23.534
Tabla número 12
[[-9, 5, -9, 7, -9], [1, -4, -4, 7], [-10, -7, 3], [-9, 0], [8]]
23.534
Tabla número 13
[[-3, -4, -8, 10, -7], [-5, -4, -3, 0], [6, 3, -5], [5, 9], [0]]
23.534
Tabla número 14
[[2, 3, -2, 4, -10], [10, 9, 4, -6], [1, 7, 10], [9, -8], [6]]
23.534
Tabla número 15
[[-10, -3, -1, -3, 10], [3, 0, 7, -7], [6, 8, -8], [5, -6], [-4]]
23.534
Tabla número 16
[[-4, -6, 8, -2, -5], [3, -8, -6, -8], [-3, 1, 4], [10, 9], [2]]
23.534
Tabla número 17
[[7, -8, -5, 10, 0], [-9, -9, 10, -6], [-1, 7, 0], [10, -8], [0]]
23.534
Tabla número 18
[[4, -5, 5, 6, 5], [3, -2, -1, 6], [-6, -1, -1], [8, 10], [-3]]
23.534
Tabla número 19
[[8, -10, 0, 8, 10], [-9, -3, 6, -8], [-1, 7, -3], [-7, -10], [-2]]
23.534
Tabla número 20
[[6, 1, -7, 0, -4], [9, -6, 4, -4], [7, 7, 3], [-1, -1], [-1]]
23.874199999999995
Tabla número 21
[[-8, -6, 10, 7, 5], [-7, -2, 9, 0], [-2, 4, -5], [-9, -8], [-7]]
23.766666666666662
Tabla número 22
[[9, 10, 4, 9, 0], [6, 3, -10, -5], [9, -7, -6], [-9, 4], [1]]
23.824333333333332
Tabla número 23
[[2, 6, -7, 2, -7], [-3, 6, 8, -4], [6, 9, -1], [-5, -8], [-2]]
23.534
Tabla número 24
[[4, 4, -3, -7, -5], [-1, 9, -9, -1], [-6, 1, 5], [-5, -6], [-10]]
25.131133333333334
Tabla número 25
[[6, 2, -8, -3, 8], [4, -6, -6, 1], [9, -8, -9], [2, -6], [-3]]
23.534
Tabla número 26
[[0, -6, 5, 10, -1], [5, -10, 6, 7], [0, -3, 9], [9, 6], [-5]]
23.824333333333332
Tabla número 27
[[-2, 6, -6, 0, 0], [5, -4, -3, -3], [-2, 1, 7], [7, 6], [1]]
23.534
Tabla número 28
[[4, 10, -6, -5, 0], [-5, -8, -3, -5], [-1, 5, -7], [-8, 9], [7]]
24.3564
Tabla número 29
[[-8, 2, -7, 0, -6], [-3, -8, 8, 0], [4, -5, 6], [6, 0], [-10]]
24.543200000000006
Tabla número 30
[[0, -1, -9, 0, 6], [-10, -3, 9, 2], [10, 4, 10], [10, 3], [-4]]
24.416533333333334
Tabla número 31
[[-1, 2, -2, 7, 8], [-10, 3, 5, -3], [-2, 3, 0], [-4, 0], [2]]
24.761933333333335
Tabla número 32
[[9, -4, -3, -10, 8], [1, 7, -10, 5], [10, 2, -8], [-2, 1], [1]]
23.534
Tabla número 33
[[6, 4, 6, -1, -2], [3, -10, 0, 2], [10, 4, -6], [0, -5], [-3]]
23.534
Tabla número 34
[[-5, 8, 0, -7, 4], [8, -9, 5, -6], [6, -8, 5], [-8, -4], [-7]]
25.143600000000003
Tabla número 35
[[4, -3, 6, -5, 4], [5, -1, 0, 0], [-2, -8, -9], [7, -8], [-5]]
25.8618
Tabla número 36
[[-7, 1, 1, -8, 7], [7, -8, 5, 8], [-10, -10, -7], [-8, 8], [3]]
25.102266666666665
Tabla número 37
[[-1, 2, -8, -7, -3], [1, 0, 0, 5], [9, -5, -5], [3, 7], [5]]
24.107799999999997
Tabla número 38
[[6, -7, -7, 0, 1], [-5, -5, 9, -9], [-6, -1, -4], [4, -1], [-2]]
23.534
Tabla número 39
[[-8, 0, 0, 1, -9], [3, 5, 6, 0], [-9, 0, -7], [0, 0], [-9]]
23.534
