Tabla número 0
[[1, -8, -4, 10, 4], [3, -8, -9, -6], [2, -1, -5], [-2, 4], [1]]
23.85406666666667
Tabla número 1
[[0, 4, -8, 0, 4], [-5, -9, 10, 8], [2, 7, -3], [10, -8], [0]]
23.534
Tabla número 2
[[-7, 4, 0, -3, 10], [3, -5, -10, -1], [-6, -5, 10], [-9, -10], [-5]]
23.534
Tabla número 3
[[-4, -6, 5, -5, 0], [3, -10, -3, -9], [-2, 1, -9], [4, -1], [-6]]
23.43086666666667
Tabla número 4
[[4, -5, -2, -5, 5], [-3, -10, 6, -8], [5, 5, -6], [-9, 10], [-10]]
25.128733333333333
Tabla número 5
[[-2, -4, -7, -10, -2], [1, -1, 0, 3], [4, 1, -5], [5, -6], [-9]]
23.534
Tabla número 6
[[9, -4, 7, 1, 8], [10, -6, -10, 0], [10, -10, 1], [10, 6], [-2]]
23.534
Tabla número 7
[[1, 7, 6, 8, 8], [-9, -6, 5, -7], [-1, -3, 7], [5, 8], [-1]]
23.534
Tabla número 8
[[-8, 2, -6, -7, -5], [-9, 0, 2, 5], [-8, 7, -1], [9, -8], [-8]]
23.534
Tabla número 9
[[-5, 5, -1, -8, -7], [-1, 5, -9, 0], [4, 4, -9], [5, -5], [2]]
23.43086666666667
Tabla número 10
[[4, 10, -2, -10, -9], [1, -3, 10, -4], [-1, 0, 6], [7, 9], [-10]]
23.534
Tabla número 11
[[-5, 4, -9, 0, 7], [5, -6, 0, 1], [1, -7, 10], [10, 2], [8]]
23.534
Tabla número 12
[[6, 10, 10, -6, -3], [-9, -2, 4, -4], [-2, 2, 5], [0, 7], [-4]]
23.534
Tabla número 13
[[7, -3, -1, 0, -3], [1, -8, 6, -1], [-1, -3, -7], [-8, -1], [-10]]
23.534
Tabla número 14
[[-8, 4, 4, -7, 0], [2, 9, 8, 2], [-3, 3, -6], [7, -6], [5]]
23.534
Tabla número 15
[[6, -5, -2, 10, -9], [4, -3, 0, 7], [4, 7, 0], [-7, 9], [5]]
23.534
Tabla número 16
[[2, -7, 2, -8, -7], [5, 6, 1, 5], [-10, 7, -5], [-3, 9], [-3]]
23.534
Tabla número 17
[[4, 2, 0, -3, 0], [-4, -10, 10, 2], [9, 8, -8], [9, -5], [-9]]
23.534
Tabla número 18
[[-2, 7, 0, 0, -5], [3, -2, -3, -6], [6, 7, 4], [-4, 0], [-8]]
25.383600000000005
Tabla número 19
[[2, 2, -8, 10, 0], [10, -8, 5, 5], [-8, 9, -7], [2, -8], [-6]]
23.534
Tabla número 20
[[4, 4, 1, 9, -2], [1, 1, -7, 0], [0, -8, 0], [-1, 9], [5]]
24.74433333333333
Tabla número 21
[[9, 4, 0, 0, -3], [-5, 4, -10, 8], [10, -7, 7], [0, 0], [7]]
25.3122
Tabla número 22
[[-8, 6, 6, 10, -10], [-7, 6, 4, -3], [-2, -5, -3], [0, 7], [-10]]
23.534
Tabla número 23
[[0, 1, -7, 6, 6], [-3, 1, -1, 6], [-6, -1, -8], [9, -1], [8]]
23.85406666666667
Tabla número 24
[[-2, 3, 6, -5, 8], [7, 9, 8, -8], [6, 0, -6], [6, -9], [-3]]
25.433133333333334
Tabla número 25
[[4, -6, 3, -7, -9], [2, 3, 7, -10], [-6, -4, -4], [-5, 9], [1]]
25.626266666666666
Tabla número 26
[[-10, -9, -8, -5, -9], [-5, -4, 9, -6], [8, 2, -7], [-8, -1], [9]]
26.1814
Tabla número 27
[[-5, -10, -9, -7, -4], [-1, 8, -3, -5], [-9, 10, -8], [7, 0], [1]]
23.534
Tabla número 28
[[-4, 3, -3, 0, -1], [-9, 7, -9, 9], [-10, -1, 9], [-7, 6], [2]]
23.534
Tabla número 29
[[4, 6, 6, 7, 10], [9, -8, -3, 7], [9, 7, 0], [-9, 1], [2]]
23.534
Tabla número 30
[[-9, -9, 9, 1, 1], [7, -3, 9, 2], [-3, -8, 3], [-2, -8], [-7]]
24.201533333333327
Tabla número 31
[[5, -6, 8, 4, 10], [1, 0, -4, -5], [-10, 0, -7], [1, -3], [-4]]
24.301533333333335
Tabla número 32
[[3, 2, -7, -3, 2], [3, -2, 9, 0], [7, 3, -7], [6, -4], [-2]]
25.383600000000005
Tabla número 33
[[6, 0, -7, 10, 5], [-10, -5, 8, -3], [-2, -7, -3], [9, -8], [-10]]
23.534
Tabla número 34
[[4, -10, 5, 0, -9], [6, -10, -8, -7], [10, 4, 3], [-5, 0], [0]]
25.561400000000003
Tabla número 35
[[-8, -1, -8, 7, -6], [-10, -9, 9, -4], [2, 4, -1], [8, 3], [-4]]
24.36693333333334
Tabla número 36
[[6, 8, -6, 0, 0], [-8, 5, -6, -6], [8, 1, -7], [7, -1], [-10]]
25.578266666666668
Tabla número 37
[[2, -1, 5, -7, -1], [5, 0, 4, 7], [-2, 5, 5], [3, -4], [7]]
24.23986666666667
Tabla número 38
[[-3, 1, -7, 7, 1], [5, -8, -6, 10], [-2, -8, 2], [-1, 0], [3]]
25.383600000000005
Tabla número 39
[[10, -3, -5, 1, 10], [-7, 3, 6, 0], [6, -7, 7], [-8, 0], [-7]]
25.035466666666665
