Tabla número 0
[[6, 8, 8, -7, -9], [-3, -3, 6, -7], [-6, 0, -4], [7, -4], [2]]
23.534
Tabla número 1
[[4, 10, 6, -7, 1], [5, -8, 10, 5], [-1, -3, 6], [-4, 8], [1]]
23.534
Tabla número 2
[[2, -4, -9, -5, -2], [1, -4, 6, 0], [9, -4, -7], [-5, 0], [-10]]
23.534
Tabla número 3
[[2, -6, -7, 9, -1], [-7, -3, 5, 6], [-6, 4, -1], [9, -10], [-4]]
23.534
Tabla número 4
[[-2, 10, 4, -3, 5], [1, -8, -4, -4], [5, 5, 10], [-9, 3], [-3]]
23.534
Tabla número 5
[[-2, 6, -1, 0, 8], [1, 4, 8, 7], [4, 2, -8], [8, 7], [-6]]
23.534
Tabla número 6
[[-4, 5, 2, -7, -7], [4, 0, 8, -6], [-2, -5, 4], [-8, -1], [-8]]
23.534
Tabla número 7
[[-9, 1, 10, 1, -1], [9, -4, 5, -3], [-9, -1, 0], [7, 7], [10]]
23.534
Tabla número 8
[[4, -7, -8, -7, 10], [3, -6, 0, 5], [-1, 7, 0], [-5, 9], [0]]
23.534
Tabla número 9
[[-7, -6, 3, 0, 6], [-5, -9, -3, 2], [-2, 8, -8], [-3, -6], [-10]]
23.534
Tabla número 10
[[1, -1, -3, 0, -9], [10, -8, 9, -6], [-1, -3, 8], [9, -6], [1]]
23.534
Tabla número 11
[[9, -3, -8, 10, -5], [10, -10, -9, 0], [6, -7, -5], [4, 6], [-5]]
23.534
Tabla número 12
[[5, -5, -7, -6, 0], [1, -2, 9, -3], [-10, -3, 3], [3, -5], [-9]]
23.534
Tabla número 13
[[4, 6, 0, 3, 10], [9, -1, 0, -6], [10, 0, 7], [-2, 0], [-2]]
23.534
Tabla número 14
[[-1, -10, -7, 10, -3], [8, 9, -10, 8], [-2, 7, -7], [9, -1], [-2]]
23.534
Tabla número 15
[[6, 1, 9, 3, 7], [4, -10, 7, -8], [-6, -1, 5], [-8, -8], [-7]]
23.534
Tabla número 16
[[-5, -3, -5, 10, -9], [-10, -4, -10, 0], [-1, 7, -9], [-4, -1], [0]]
23.534
Tabla número 17
[[4, 2, -4, 4, -3], [-9, 7, 9, -2], [-10, 7, 9], [4, 3], [-1]]
23.534
Tabla número 18
[[-4, 5, 0, 7, -4], [3, 1, 5, -8], [-8, -7, -5], [-9, -8], [-6]]
23.534
Tabla número 19
[[0, 4, 5, 0, 1], [-5, -5, 6, 0], [2, 10, 5], [-2, 9], [-10]]
23.534
Tabla número 20
[[8, 4, -7, -3, -2], [5, 0, -3, 7], [-2, 9, -4], [-5, 4], [5]]
24.2006
Tabla número 21
[[6, -1, -1, -5, 8], [3, -9, 4, 9], [-8, -8, -7], [-1, -5], [-8]]
24.360866666666663
Tabla número 22
[[4, 2, -8, 10, -7], [-9, -6, -1, -4], [4, -7, 3], [8, -1], [0]]
24.515733333333337
Tabla número 23
[[4, -6, 5, 2, -9], [6, 6, -3, 7], [7, -8, -3], [6, -5], [-10]]
23.71966666666666
Tabla número 24
[[4, 4, 1, 0, 0], [-4, 5, 5, 5], [6, 4, -7], [0, -8], [-9]]
24.521333333333338
Tabla número 25
[[-8, 3, -3, -5, 0], [1, 3, -9, -4], [-2, 1, 0], [-1, 6], [-8]]
25.018800000000002
Tabla número 26
[[7, -5, 5, 0, -3], [-10, 3, 2, -10], [9, 3, -3], [-9, -3], [-2]]
25.6446
Tabla número 27
[[-8, 0, -2, 0, 0], [10, -4, -10, -5], [1, 1, 7], [3, -1], [8]]
25.298733333333335
Tabla número 28
[[-8, 8, -6, 7, 5], [-8, 9, -6, -6], [-3, -7, 5], [0, -1], [1]]
24.935799999999997
Tabla número 29
[[-5, 4, -9, -8, 4], [2, -3, -3, -1], [10, 10, 1], [7, 9], [5]]
25.470999999999997
Tabla número 30
[[1, 2, -8, -5, 8], [5, -3, 4, 0], [9, 5, -9], [10, -6], [0]]
24.96073333333334
Tabla número 31
[[-2, 4, 1, -10, -9], [3, -10, -6, -6], [-6, -4, -6], [10, -8], [-10]]
25.0562
Tabla número 32
[[6, 3, -2, 7, 10], [5, -6, 0, 1], [10, 4, 9], [-1, 0], [-3]]
23.534
Tabla número 33
[[-7, -8, 0, 8, 2], [-5, 6, 9, -1], [4, 2, 3], [7, -4], [-7]]
23.534
Tabla número 34
[[-1, -9, 7, 10, -5], [3, 0, 0, 2], [1, -1, -3], [-9, 0], [-7]]
24.668333333333337
Tabla número 35
[[4, 2, 6, -3, -6], [2, 5, -6, -10], [6, -8, 5], [-8, 10], [-6]]
25.309600000000003
Tabla número 36
[[-10, -9, -2, 6, 10], [-9, 8, 4, -5], [8, 3, -1], [9, -8], [7]]
24.443799999999992
Tabla número 37
[[0, 7, -7, 1, 4], [-7, 1, 6, 8], [6, -1, 10], [-2, 0], [-4]]
24.036199999999997
Tabla número 38
[[-3, 7, 5, -1, -10], [-9, -8, 10, 10], [-2, -8, -7], [0, -9], [8]]
25.45166666666667
Tabla número 39
[[9, -10, -6, -2, -10], [-1, -9, -7, 3], [0, 1, -7], [0, 0], [6]]
25.186466666666664
