Tabla número 0
[[-4, 7, 7, 0, 10], [-7, -6, 9, -4], [-2, 7, -3], [4, 7], [-8]]
23.534
Tabla número 1
[[4, 8, 6, -3, 4], [9, -3, 5, -7], [6, 0, 5], [9, -8], [0]]
23.534
Tabla número 2
[[2, 6, -7, 2, -7], [-3, 6, 8, -4], [6, 9, -1], [-5, -8], [-2]]
23.534
Tabla número 3
[[6, 2, -8, -3, 8], [4, -6, -6, 1], [9, -8, -9], [2, -6], [-3]]
23.534
Tabla número 4
[[-5, -3, 0, -7, 4], [1, -9, 0, 7], [-6, 10, -7], [7, -4], [8]]
23.534
Tabla número 5
[[4, 2, -6, 10, 10], [-3, -8, 8, -5], [4, 5, -8], [9, 0], [-10]]
23.534
Tabla número 6
[[9, 3, -3, -10, 8], [1, 7, -10, 5], [10, 2, -8], [-2, 1], [1]]
23.534
Tabla número 7
[[4, 10, -7, 0, 0], [-5, -8, -3, 0], [-1, 5, -7], [-8, 0], [7]]
23.775133333333336
Tabla número 8
[[-2, 4, -2, -5, -9], [-9, -10, 10, -10], [5, -3, 9], [7, 8], [-4]]
23.534
Tabla número 9
[[-9, 5, -9, 10, -9], [5, -10, -4, 7], [-10, -7, 9], [9, 6], [-5]]
23.534
Tabla número 10
[[-1, -1, -2, 0, 8], [-10, -3, 5, 2], [-2, 3, 10], [3, 3], [2]]
23.534
Tabla número 11
[[4, 4, -4, 3, -2], [8, -6, -7, -6], [-2, -8, -9], [-2, -9], [-7]]
23.534
Tabla número 12
[[1, 1, 9, -8, 7], [7, -8, 9, 5], [-10, -10, 1], [-8, 9], [-7]]
23.534
Tabla número 13
[[-4, -6, 0, 10, 1], [3, 1, -3, -8], [0, 0, 4], [7, -4], [8]]
23.534
Tabla número 14
[[0, -6, 5, 7, -1], [1, -4, 6, 7], [0, -3, 3], [-9, 0], [8]]
23.534
Tabla número 15
[[6, -7, -7, 0, 1], [-5, -5, 9, -9], [-6, -1, -4], [4, -1], [-2]]
23.534
Tabla número 16
[[-2, 6, -6, 0, 0], [5, -4, -3, -3], [-2, 1, 7], [7, 6], [1]]
23.534
Tabla número 17
[[-1, 2, -8, -7, -3], [1, 0, 0, 5], [9, -5, -5], [3, -5], [5]]
23.534
Tabla número 18
[[4, 8, -3, -7, -5], [-1, 9, -9, -1], [-6, 1, 5], [-5, -6], [-10]]
23.534
Tabla número 19
[[3, -5, 6, 9, 0], [6, -4, -10, 10], [9, 2, 0], [-9, 4], [1]]
23.534
Tabla número 20
[[4, -9, 5, -5, -9], [5, -1, 6, 0], [8, -8, -7], [-8, -1], [-9]]
24.424866666666663
Tabla número 21
[[-8, -6, 10, 3, 5], [-9, -3, 4, 9], [2, -3, 5], [-9, -8], [-1]]
24.1264
Tabla número 22
[[0, 2, -9, 7, 6], [-10, 3, 9, -3], [10, 4, 0], [-4, 0], [-4]]
24.888866666666665
Tabla número 23
[[5, -10, 3, -6, -3], [-7, 6, 2, 3], [4, 7, -4], [-1, -3], [-6]]
24.992866666666668
Tabla número 24
[[6, 1, -7, -3, -9], [9, 5, 7, -1], [-9, 4, -8], [5, 0], [-4]]
25.514466666666667
Tabla número 25
[[-8, 4, -1, -5, -6], [10, 0, 10, -6], [4, -5, 6], [6, 9], [-10]]
24.270133333333334
Tabla número 26
[[-2, -4, 8, -2, -5], [2, -8, -6, -1], [-3, 1, -7], [10, 9], [2]]
25.125733333333336
Tabla número 27
[[9, 10, 4, 0, 0], [-4, 3, 0, -5], [-2, -7, -6], [5, -1], [5]]
24.2298
Tabla número 28
[[4, 4, 6, -1, -2], [3, -10, 0, 6], [-6, -1, -1], [0, -5], [-3]]
24.512199999999996
Tabla número 29
[[-8, -3, -1, 1, 10], [3, 0, 6, 0], [6, 0, -7], [0, -6], [-9]]
24.359066666666667
Tabla número 30
[[1, -9, 2, 0, 2], [2, 8, -10, -6], [-2, -7, -3], [-3, -1], [-8]]
26.17066666666667
Tabla número 31
[[-3, -4, -8, 10, -7], [-5, -4, -3, 0], [6, 3, -5], [5, 9], [0]]
26.281799999999997
Tabla número 32
[[-7, 4, 1, 1, -9], [-8, 1, 5, 8], [-10, -1, -7], [0, 8], [-10]]
24.392133333333334
Tabla número 33
[[-5, -10, 0, 8, -1], [-9, -3, 6, -8], [-1, -1, -3], [-7, 7], [-2]]
25.8778
Tabla número 34
[[-10, 0, 1, 7, -4], [3, -2, 4, 0], [7, 8, -5], [-1, -1], [-1]]
24.244933333333336
Tabla número 35
[[4, -1, -7, -7, -3], [5, 5, -8, 8], [-8, -7, 3], [-9, -5], [-7]]
25.633399999999998
Tabla número 36
[[7, -8, -5, 10, 0], [-9, -9, 10, -6], [-1, 7, 0], [10, -8], [0]]
25.114266666666662
Tabla número 37
[[6, -5, 5, 6, 5], [3, -2, -1, 2], [10, 4, 9], [8, 10], [-3]]
23.623733333333334
Tabla número 38
[[2, 3, -2, 4, -10], [10, 9, 4, -6], [1, 7, 10], [9, -8], [6]]
25.65893333333333
Tabla número 39
[[8, 7, -8, -5, 10], [4, 4, -9, -4], [-8, 7, 7], [-7, -10], [-2]]
25.067066666666665
