Tabla número 0
[[-8, -5, -7, -3, 0], [5, -4, -10, 2], [10, 2, -8], [-1, 4], [1]]
23.534
Tabla número 1
[[-8, -9, -7, -5, -3], [-10, 0, 4, -1], [2, 4, 5], [-5, -1], [-2]]
23.534
Tabla número 2
[[2, 6, 6, 7, -5], [1, 0, 5, 7], [0, 9, 5], [-9, -3], [1]]
23.534
Tabla número 3
[[-1, -7, -9, -7, -2], [-9, -10, 9, 5], [-2, 0, 0], [-5, 6], [-10]]
23.534
Tabla número 4
[[-7, 4, 1, 1, -3], [3, 1, 6, 8], [-1, -1, -3], [-9, 7], [-1]]
23.534
Tabla número 5
[[1, 1, 9, -8, 7], [7, -8, 9, 5], [-10, -10, 1], [-8, 9], [-7]]
23.534
Tabla número 6
[[0, -10, -6, -6, -9], [3, 6, 0, -3], [4, 1, -7], [9, 0], [-3]]
23.534
Tabla número 7
[[4, 8, -3, -7, -9], [9, 3, -9, -7], [-6, 1, 5], [9, 8], [-2]]
23.534
Tabla número 8
[[4, 2, -4, 0, -3], [8, 9, 9, -9], [-6, -1, 9], [4, -6], [-2]]
23.534
Tabla número 9
[[4, 8, 5, -3, -7], [-1, -4, 2, -1], [6, -1, 3], [3, 10], [8]]
23.534
Tabla número 10
[[-9, 5, 3, 10, 6], [-7, -10, -4, -6], [-1, 7, 9], [-4, 6], [0]]
23.534
Tabla número 11
[[4, -9, -7, 10, 10], [-5, 0, 8, -5], [10, 3, -1], [9, 0], [7]]
23.534
Tabla número 12
[[-3, 5, 2, 0, 0], [3, 1, -3, 2], [-2, -7, 10], [-3, 3], [-8]]
23.534
Tabla número 13
[[-5, 10, -7, 0, 1], [-5, -3, 5, -5], [-6, -1, -9], [0, -1], [-7]]
23.534
Tabla número 14
[[5, 2, 7, 2, 4], [9, 6, 9, -4], [-2, 10, -7], [7, -4], [8]]
23.534
Tabla número 15
[[8, 7, -8, -5, 10], [10, 4, -9, -6], [1, 7, 7], [9, -10], [-2]]
23.534
Tabla número 16
[[9, -10, 5, 10, 4], [1, 5, -3, -6], [4, 3, -6], [10, 9], [0]]
25.082733333333334
Tabla número 17
[[-2, 2, -6, -10, -7], [1, -8, -8, -6], [-8, 5, -3], [-1, -1], [-10]]
23.534
Tabla número 18
[[9, -4, 5, -2, -5], [4, 7, 5, -1], [-3, 1, 7], [-2, 0], [6]]
23.534
Tabla número 19
[[-1, -6, -1, 10, 8], [-10, 3, -10, 9], [9, 2, -8], [-1, 0], [-4]]
23.534
Tabla número 20
[[0, 6, 8, 7, -1], [-3, -8, 6, -4], [-2, -3, -4], [7, -8], [2]]
24.24233333333333
Tabla número 21
[[6, -6, 6, 9, 1], [-5, -3, 10, -8], [-2, 0, 6], [-9, -4], [2]]
25.680799999999998
Tabla número 22
[[2, 3, -3, 4, -10], [2, 9, -6, 0], [-8, 7, -8], [-7, -6], [1]]
25.874533333333336
Tabla número 23
[[1, -1, -2, 3, 2], [-9, -4, 7, 0], [4, -3, -5], [7, -1], [2]]
24.8054
Tabla número 24
[[-4, -6, 0, 1, 5], [1, -2, 0, 7], [9, -5, -3], [-9, -5], [5]]
25.448800000000006
Tabla número 25
[[6, 4, -2, -3, -9], [4, -6, 10, 1], [9, -3, 9], [7, -1], [-4]]
25.184600000000003
Tabla número 26
[[-4, 4, 0, 0, -9], [10, -3, 5, 8], [0, 4, 4], [5, 9], [-10]]
24.185333333333332
Tabla número 27
[[4, 0, -8, -7, -4], [5, -2, -3, 0], [-1, 8, -5], [3, 9], [-7]]
25.762133333333335
Tabla número 28
[[7, -8, -5, 10, 0], [3, -9, -1, -3], [-10, 4, 0], [8, -8], [-5]]
26.7306
Tabla número 29
[[4, -3, 1, 8, 8], [-4, -3, 0, 6], [-10, -7, -7], [0, -8], [-9]]
24.784333333333336
Tabla número 30
[[4, -1, -1, -1, -1], [3, -8, -3, 0], [7, -7, -7], [0, -5], [-10]]
25.523266666666665
Tabla número 31
[[-7, 1, 10, -5, -9], [6, -4, -10, 10], [-9, -8, 0], [6, 0], [-10]]
24.504533333333335
Tabla número 32
[[-2, 2, 0, -5, 8], [2, -10, 4, -10], [5, 5, -9], [-2, -6], [-3]]
23.534
Tabla número 33
[[6, 4, 4, 3, 0], [-8, -5, -7, -6], [-2, -8, -7], [-2, -9], [5]]
23.534
Tabla número 34
[[-2, -3, -8, 0, 10], [1, -6, 0, 0], [-6, 7, -5], [4, 7], [-8]]
23.534
Tabla número 35
[[4, 10, -8, 0, 0], [-9, 5, -6, -8], [6, -8, 3], [-7, 0], [0]]
26.295866666666665
Tabla número 36
[[-8, -5, 5, 0, -2], [5, -6, 6, 7], [10, -7, -4], [0, -1], [-6]]
25.082733333333334
Tabla número 37
[[-5, 7, -9, -7, -6], [-7, -9, 8, 3], [6, 10, -1], [-8, -8], [-1]]
23.534
Tabla número 38
[[-10, 3, -7, 7, 10], [-9, 8, 6, 5], [6, 0, -7], [-8, -5], [-3]]
25.09126666666667
Tabla número 39
[[6, 4, -2, 6, 5], [5, -1, 4, -4], [8, 7, 10], [10, -8], [-9]]
24.10153333333333
