Tabla número 0
[[-8, -4, 0, -7, -5], [-4, -4, -3, 0], [-6, 10, -9], [3, -4], [-10]]
23.804999999999996
Tabla número 1
[[1, 2, -3, 0, -7], [-8, -10, -9, -4], [3, 5, 3], [-2, -1], [2]]
23.804999999999996
Tabla número 2
[[-5, 9, -4, 10, -9], [9, 0, 5, 10], [9, -8, -7], [10, 9], [-1]]
23.804999999999996
Tabla número 3
[[6, -1, 1, -6, -1], [3, -3, -7, -2], [-2, -1, -7], [6, 4], [-7]]
25.12673333333333
Tabla número 4
[[4, 2, -7, 3, -1], [-10, -4, 8, 8], [4, -1, 0], [-8, 10], [-5]]
24.968733333333333
Tabla número 5
[[-5, 4, -8, -5, 10], [-9, -10, 0, 0], [6, 2, 10], [0, -6], [8]]
23.804999999999996
Tabla número 6
[[6, 3, 6, 7, -3], [3, -6, 10, -1], [-6, -8, -4], [-1, -5], [-8]]
23.804999999999996
Tabla número 7
[[-4, 1, 2, 0, 10], [1, 3, 8, 7], [-6, -1, 5], [0, -8], [-1]]
23.534
Tabla número 8
[[-2, -10, -5, -2, -9], [6, -3, 7, -10], [-8, -3, 5], [-9, 0], [-10]]
23.534
Tabla número 9
[[-7, 4, -3, 2, -9], [-7, 6, -10, 9], [9, 4, 10], [10, -6], [-2]]
23.599
Tabla número 10
[[-2, 10, -6, 0, -5], [10, 4, -4, -8], [-1, -3, 9], [5, 9], [-10]]
23.804999999999996
Tabla número 11
[[-8, 7, 8, 0, 7], [-9, 9, 9, -5], [-2, 4, 5], [8, -5], [-3]]
23.804999999999996
Tabla número 12
[[4, -9, 6, -8, 5], [5, -8, -1, 2], [5, -7, -9], [-5, 0], [1]]
23.804999999999996
Tabla número 13
[[2, -6, -8, 4, -10], [-1, 1, 4, 10], [5, 8, 6], [4, 9], [7]]
23.534
Tabla número 14
[[4, 5, 0, 1, 0], [-10, -6, -9, -1], [1, 0, 0], [9, -1], [10]]
23.599
Tabla número 15
[[6, -9, 10, 0, 0], [-5, 0, 4, 0], [4, 10, 7], [-1, 0], [5]]
23.534
Tabla número 16
[[-7, 4, -2, -3, 5], [10, 0, -6, 6], [-8, 3, 3], [-1, 0], [-10]]
23.599
Tabla número 17
[[-4, 4, -1, -5, 4], [-7, -4, 6, 7], [10, 2, 3], [-5, -3], [1]]
23.534
Tabla número 18
[[1, -3, -7, -1, 10], [1, -9, 2, 2], [10, -7, -7], [0, 6], [-3]]
23.804999999999996
Tabla número 19
[[-2, 3, -2, 0, -4], [3, -4, 9, 1], [-1, -1, 0], [9, -8], [0]]
23.534
Tabla número 20
[[4, 7, -9, -7, 1], [-3, -1, 6, -6], [-2, -3, -7], [-8, -8], [6]]
25.12673333333333
Tabla número 21
[[-3, -3, 5, 9, 10], [4, 5, -3, 3], [-8, 1, 4], [9, -1], [-6]]
24.968733333333333
Tabla número 22
[[9, -5, 7, -7, -6], [5, -6, 10, -5], [-1, 0, 7], [3, 3], [-7]]
24.889466666666667
Tabla número 23
[[5, 9, 5, 0, -2], [4, -6, 5, 8], [-2, -7, -5], [7, -8], [-6]]
23.293
Tabla número 24
[[0, 0, 5, -10, -3], [6, 5, 9, -3], [7, 3, -3], [-2, 6], [-4]]
25.12673333333333
Tabla número 25
[[9, -7, 9, 3, -10], [-9, -9, 5, 5], [-10, -8, 1], [-5, 8], [-9]]
25.425933333333337
Tabla número 26
[[4, 6, 5, -3, -9], [3, -8, -10, 0], [0, -5, -3], [8, 0], [-3]]
25.372933333333332
Tabla número 27
[[8, 8, 3, 7, 5], [5, -8, -6, -4], [-2, 7, 0], [-9, -8], [0]]
24.707733333333334
Tabla número 28
[[4, 5, 0, 10, 0], [-9, -3, -10, -4], [-10, -3, -1], [-8, 3], [-6]]
25.731133333333332
Tabla número 29
[[4, 10, -7, -3, -2], [10, 3, 5, 9], [6, 7, 9], [-8, -1], [0]]
23.370266666666666
Tabla número 30
[[0, -6, -8, 1, -3], [1, -5, 6, 7], [10, -8, -8], [7, 7], [8]]
23.804999999999996
Tabla número 31
[[4, 8, -8, 10, -7], [1, -10, -6, 6], [-2, 9, -1], [3, 3], [-8]]
23.98353333333333
Tabla número 32
[[-8, -10, -6, 7, 6], [0, -8, 0, -6], [-6, 7, -4], [0, -1], [-4]]
25.7148
Tabla número 33
[[-10, 1, -9, 0, 1], [8, -2, -3, -7], [-3, -4, -7], [0, -6], [-10]]
24.7908
Tabla número 34
[[2, -5, 5, 8, 7], [-5, -9, 0, -8], [6, 4, 3], [4, -1], [-10]]
25.41206666666666
Tabla número 35
[[-9, 2, 3, 6, 8], [2, 6, 4, 5], [5, -7, -7], [-8, -9], [0]]
25.58546666666667
Tabla número 36
[[-1, 2, -7, 10, -9], [3, 9, 9, -6], [4, 1, 9], [9, -5], [-2]]
25.848133333333337
Tabla número 37
[[6, -6, -7, -7, 2], [5, -9, 0, 2], [-1, 7, -3], [-9, 7], [8]]
25.1872
Tabla número 38
[[7, -5, -1, -5, 0], [-5, 7, 4, 5], [-8, 5, -8], [-9, -10], [-7]]
25.517733333333332
Tabla número 39
[[-1, 6, 4, 10, 8], [2, 0, 6, -2], [-9, -4, 5], [8, -4], [-4]]
25.517733333333332
