Tabla número 0
[[5, 8, 0, -5, 2], [2, -2, -4, 0], [-3, 3, 5], [-9, -4], [5]]
23.534
Tabla número 1
[[-9, 6, 5, -7, 10], [9, -8, -6, -8], [-3, -1, 4], [7, -4], [-8]]
23.534
Tabla número 2
[[4, 2, 4, 8, 8], [-10, 5, 5, -5], [0, -8, -3], [0, -6], [5]]
23.534
Tabla número 3
[[2, 5, -9, 0, 0], [-1, 0, 4, -5], [-2, 5, -8], [3, -6], [7]]
24.389466666666667
Tabla número 4
[[0, 4, -5, -7, -9], [-7, -9, 9, 7], [2, -1, -5], [10, -8], [-7]]
23.534
Tabla número 5
[[4, 1, 3, -5, -9], [7, 3, -10, -10], [9, -1, -7], [-5, 0], [2]]
23.534
Tabla número 6
[[-8, -5, 5, 0, -6], [-10, -3, -8, -7], [1, -8, 10], [8, 3], [-7]]
23.795
Tabla número 7
[[-5, -1, -9, 0, 5], [7, -9, 9, 2], [10, 4, -1], [10, 10], [-4]]
23.534
Tabla número 8
[[-10, -9, -7, 7, 0], [3, -4, -9, -6], [8, -8, 7], [-8, -1], [-10]]
23.534
Tabla número 9
[[6, -7, -8, 7, 0], [-4, -10, 9, -4], [2, 2, -5], [-1, -9], [-6]]
23.534
Tabla número 10
[[9, 2, 1, 9, 1], [-5, -6, 10, 8], [2, 7, -3], [1, 4], [1]]
23.534
Tabla número 11
[[3, 7, 0, 0, 0], [-3, -2, 6, 7], [6, 1, 0], [7, 0], [8]]
23.534
Tabla número 12
[[-3, -4, -8, 10, 8], [-5, -4, -3, -8], [6, -7, -5], [-7, 9], [0]]
23.534
Tabla número 13
[[-8, 2, -6, -7, 0], [10, 0, 5, 5], [-8, 9, -7], [9, -8], [-2]]
23.534
Tabla número 14
[[-4, 10, -3, 0, 10], [2, 1, 8, 9], [-6, 7, 5], [6, 7], [-2]]
23.534
Tabla número 15
[[-2, -3, -2, -5, 7], [-9, -6, 0, 0], [-10, 5, -6], [5, 6], [-9]]
23.534
Tabla número 16
[[4, 3, -7, 0, 10], [9, 9, 10, 7], [-2, 2, 0], [4, 1], [1]]
23.534
Tabla número 17
[[-4, -6, 5, -5, 1], [3, -8, -6, -9], [-2, 1, -9], [4, -1], [3]]
23.534
Tabla número 18
[[9, -4, 7, -2, 8], [10, -6, -10, 0], [10, -10, 1], [10, 6], [-2]]
23.534
Tabla número 19
[[6, -9, -3, -10, -2], [1, 6, 0, -6], [4, -5, -7], [-8, -5], [7]]
23.534
Tabla número 20
[[2, -10, 2, -8, -9], [5, -10, 1, 5], [-10, 4, 3], [-3, 0], [-3]]
24.024933333333333
Tabla número 21
[[-1, 6, 6, 10, -10], [-7, 6, 4, -3], [-2, -5, -3], [0, 7], [-6]]
23.534
Tabla número 22
[[-5, -10, -7, -8, -7], [-1, 5, -9, 3], [-9, 1, -9], [5, 0], [1]]
25.281933333333335
Tabla número 23
[[8, 3, 0, 10, -1], [3, 3, -9, 0], [4, 3, 10], [-7, 9], [-10]]
24.331
Tabla número 24
[[4, 4, -2, -10, -9], [-5, -3, -10, -4], [10, 0, 6], [7, 9], [-10]]
23.88653333333333
Tabla número 25
[[0, 1, -7, 6, 6], [-3, 1, -1, 6], [-6, -1, -8], [9, -1], [8]]
24.389466666666667
Tabla número 26
[[4, 4, 6, 1, -2], [5, 9, 6, 1], [5, 4, -4], [-9, 7], [8]]
26.003133333333334
Tabla número 27
[[4, -6, -8, 7, -9], [5, -10, -3, 10], [-2, 7, 9], [9, 9], [-9]]
24.039866666666672
Tabla número 28
[[7, -3, 9, 0, -3], [3, -10, 6, -1], [-10, -3, -7], [-8, -1], [-8]]
25.095399999999998
Tabla número 29
[[1, 7, -7, -3, 5], [1, 4, 10, -3], [-2, -7, 7], [-5, 8], [0]]
23.488866666666663
Tabla número 30
[[-5, -1, -6, -7, -4], [-8, 8, -3, -6], [4, 10, -7], [7, -1], [2]]
26.3402
Tabla número 31
[[-2, -6, -1, 4, -5], [1, -8, -3, -6], [-1, -7, 3], [-4, 0], [-10]]
25.975599999999996
Tabla número 32
[[-8, 4, 6, -1, -1], [5, 7, 8, 2], [7, 7, -6], [-2, -8], [-3]]
23.534
Tabla número 33
[[1, -8, -4, 0, 4], [-9, -8, -7, 8], [-1, -3, 7], [-2, 8], [-2]]
24.61766666666666
Tabla número 34
[[2, 2, -8, 10, -5], [-9, -8, 2, 5], [-8, 7, -1], [2, -8], [-1]]
25.403399999999998
Tabla número 35
[[-7, 4, 8, 1, -3], [3, 0, 9, -1], [-6, 7, -7], [-9, -3], [5]]
23.913333333333334
Tabla número 36
[[4, -5, -2, -3, 10], [4, -3, 0, 0], [-1, 0, 0], [-1, -10], [-4]]
26.2356
Tabla número 37
[[6, 0, 0, -6, -3], [6, -2, 8, -4], [9, -7, -8], [9, -5], [-10]]
25.196199999999997
Tabla número 38
[[-2, 4, -1, -3, 4], [1, -1, 7, -7], [8, 8, 2], [5, -8], [-9]]
24.25173333333333
Tabla número 39
[[6, 10, 10, 10, -7], [-9, -5, 4, -6], [6, 0, 9], [0, -6], [-4]]
24.41486666666666
