Tabla número 0
[[-8, -5, 5, 0, -6], [-10, -3, -8, -7], [1, -8, 10], [8, 3], [-7]]
23.534
Tabla número 1
[[5, -9, 0, -3, -2], [1, -2, -4, -5], [-3, -8, -7], [0, -4], [5]]
23.534
Tabla número 2
[[2, -1, -6, 0, 0], [-8, 0, 4, -6], [-2, 5, -7], [3, -1], [7]]
23.534
Tabla número 3
[[-8, 2, -6, -7, -5], [-9, 0, 2, 5], [-8, 7, -1], [9, -8], [-1]]
23.534
Tabla número 4
[[4, 10, -7, 0, 10], [9, 1, 10, 7], [-6, 7, 0], [6, 1], [-2]]
23.534
Tabla número 5
[[-7, -5, -2, -3, 10], [4, -3, 0, -1], [-6, 7, 0], [-9, -10], [5]]
23.534
Tabla número 6
[[-10, -9, -5, -7, -9], [-7, -4, 9, 7], [4, -7, 7], [-8, -1], [-7]]
23.534
Tabla número 7
[[-5, -10, -9, -7, -4], [-1, 8, -3, -5], [-9, 10, -8], [7, 0], [1]]
23.534
Tabla número 8
[[-4, -6, 5, -5, 1], [3, -8, -6, -9], [-2, 1, -9], [4, -1], [3]]
23.534
Tabla número 9
[[4, 2, -7, -3, 5], [-10, 6, 10, -3], [-2, 8, -3], [-5, -8], [0]]
23.534
Tabla número 10
[[9, -4, 7, 1, 8], [10, -6, -10, 0], [10, -10, 1], [10, 6], [-2]]
23.534
Tabla número 11
[[1, 7, -3, 8, 8], [1, 4, 5, -7], [0, -7, 7], [5, 9], [7]]
23.534
Tabla número 12
[[-9, 7, 0, 0, 10], [-3, -2, 6, -8], [6, 7, 4], [-2, -8], [8]]
23.534
Tabla número 13
[[4, -7, -8, 7, 0], [-4, -10, 9, -4], [2, 7, -5], [9, 9], [-9]]
23.534
Tabla número 14
[[7, -3, -1, 0, -3], [1, -8, 6, -1], [-1, -3, -7], [-8, -1], [-10]]
23.534
Tabla número 15
[[4, 4, -2, -10, -9], [-5, -3, -10, -4], [10, 0, 6], [7, 9], [-10]]
23.534
Tabla número 16
[[4, 4, -2, -5, 7], [5, -6, 0, 1], [5, 5, -6], [-9, 2], [8]]
23.534
Tabla número 17
[[2, -10, 2, -8, -9], [5, -10, 1, 5], [-10, 4, 3], [-3, 0], [-3]]
23.534
Tabla número 18
[[4, -6, 3, 7, -9], [7, 3, -3, -10], [9, -1, 9], [-5, -9], [2]]
23.534
Tabla número 19
[[2, 2, -8, 10, 0], [10, -8, 5, 5], [-8, 9, -7], [2, -8], [-6]]
23.534
Tabla número 20
[[-3, 1, -7, 7, 0], [5, -10, -3, 10], [-2, -8, 2], [-1, 0], [-6]]
24.354066666666668
Tabla número 21
[[6, 4, -8, -5, -9], [-5, -4, -10, -6], [8, 2, -7], [-8, 9], [-10]]
24.589533333333335
Tabla número 22
[[3, 6, 6, -5, 2], [1, -8, 7, 0], [7, 3, 0], [-9, 0], [-3]]
24.348733333333332
Tabla número 23
[[6, 8, 4, -7, 0], [2, 5, -6, 7], [8, 1, 5], [7, -6], [5]]
24.353600000000007
Tabla número 24
[[-5, 5, -7, -8, -7], [-1, 5, -9, 3], [4, 1, -9], [5, -6], [2]]
23.534
Tabla número 25
[[-4, 3, -3, 0, 10], [2, 9, 8, 9], [6, 0, 9], [4, -6], [1]]
23.86253333333333
Tabla número 26
[[-5, -1, -9, 0, 5], [7, -9, 9, 2], [10, 4, -1], [10, 10], [-4]]
23.534
Tabla número 27
[[-2, -6, 9, 4, -5], [3, -10, -3, -6], [-10, -7, 3], [-4, 0], [-8]]
25.626933333333334
Tabla número 28
[[-2, -4, -1, -10, -2], [1, -1, 0, 0], [4, 4, -5], [5, -5], [-9]]
24.887199999999996
Tabla número 29
[[8, -3, 0, 10, 8], [3, 3, 6, -8], [6, -5, 10], [-7, 9], [-5]]
24.39326666666667
Tabla número 30
[[0, 4, -8, 10, 4], [3, -9, -9, -6], [2, -1, -5], [10, -8], [0]]
23.534
Tabla número 31
[[1, -8, -4, 0, 4], [-5, -8, 10, 8], [2, 7, -3], [-2, 4], [1]]
23.534
Tabla número 32
[[-2, 3, 6, 1, -1], [-9, 7, -9, 0], [-10, -1, -4], [-7, 6], [-8]]
25.2666
Tabla número 33
[[-8, 4, 5, -7, -1], [5, 9, 8, 2], [-3, 3, -6], [7, -4], [-10]]
24.33026666666667
Tabla número 34
[[6, 10, 10, -6, -3], [-9, -2, 4, -4], [-2, 2, 5], [0, 7], [-4]]
23.534
Tabla número 35
[[0, 1, -7, 6, 6], [-3, 1, -1, 6], [-6, -1, -8], [9, -1], [8]]
23.534
Tabla número 36
[[-8, 6, 6, 10, -10], [-7, 6, 4, -3], [-2, -5, -3], [0, 7], [-6]]
26.115199999999994
Tabla número 37
[[6, 0, 0, 10, -7], [6, -5, 8, 2], [9, -7, -8], [9, -5], [-10]]
25.032733333333336
Tabla número 38
[[4, 2, 8, 1, 1], [3, 0, 9, 0], [-1, 0, -7], [1, -3], [-4]]
24.5052
Tabla número 39
[[9, 4, 1, 9, -3], [-9, -6, -7, 8], [-1, -3, 7], [-1, 8], [-1]]
25.519866666666662
