Tabla número 0
[[4, -3, 0, 0, 7], [4, -9, -9, 0], [4, 1, 5], [9, -1], [-10]]
23.804999999999996
Tabla número 1
[[4, 6, 7, -7, -3], [-3, -3, 5, -2], [-9, -1, -5], [8, -4], [-9]]
23.804999999999996
Tabla número 2
[[2, -6, -8, 3, -10], [-9, -9, 6, 10], [-10, -3, -7], [4, 9], [6]]
23.712066666666665
Tabla número 3
[[-3, -4, 5, -5, 10], [-4, 9, -3, 3], [-8, 10, 10], [3, -4], [-6]]
23.804999999999996
Tabla número 4
[[1, 1, 0, 0, 0], [1, 0, 0, 0], [0, 0, 0], [0, 0], [0]]
23.712066666666665
Tabla número 5
[[6, 3, -9, 10, 1], [3, -6, 10, -1], [-2, -8, 5], [-8, -8], [-4]]
23.883066666666668
Tabla número 6
[[-2, -10, 3, 6, -9], [6, -3, 7, 5], [5, -7, 3], [-9, -1], [-10]]
23.914333333333335
Tabla número 7
[[8, 5, 10, -5, 7], [-5, -6, 4, -4], [1, 10, 7], [-9, -1], [-7]]
23.804999999999996
Tabla número 8
[[4, 8, -8, 1, -7], [5, 3, -6, 6], [-2, 5, -7], [-6, 3], [5]]
23.914333333333335
Tabla número 9
[[-1, -7, 6, 7, 2], [3, -10, 6, -6], [-6, -3, 9], [-8, -5], [-3]]
24.80706666666667
Tabla número 10
[[1, 2, -3, 3, 5], [-10, -10, -9, 8], [3, 3, 3], [-2, -1], [-9]]
23.883066666666668
Tabla número 11
[[-7, 4, -3, -2, -3], [5, 6, -10, 9], [-1, -4, 10], [0, 2], [-10]]
23.804999999999996
Tabla número 12
[[-10, -5, 5, 2, 8], [8, -9, -8, -8], [-3, 4, -3], [4, -1], [0]]
23.804999999999996
Tabla número 13
[[6, -9, -2, -8, 5], [5, -6, -1, 1], [5, -7, -7], [-5, -7], [-1]]
23.804999999999996
Tabla número 14
[[-8, 3, -8, -7, -5], [-9, -5, 9, -10], [10, -3, -8], [7, 7], [8]]
23.804999999999996
Tabla número 15
[[0, 9, 5, -3, -2], [9, -3, 5, -5], [-2, 8, 7], [3, 8], [7]]
23.883066666666668
Tabla número 16
[[-2, -9, -6, -3, -5], [-10, -4, -3, -1], [-6, -7, -9], [9, 0], [-4]]
23.883066666666668
Tabla número 17
[[4, 4, -7, 7, 4], [-9, 3, 4, 9], [5, 2, 9], [9, -3], [1]]
23.914333333333335
Tabla número 18
[[4, 6, 5, -1, 0], [-8, 6, 10, 2], [-1, -1, 0], [6, 1], [-7]]
23.804999999999996
Tabla número 19
[[5, 9, -7, 0, -2], [4, -6, 5, 10], [-2, 7, -7], [-8, -8], [-6]]
23.804999999999996
Tabla número 20
[[-4, 4, -8, 0, 8], [1, 0, 2, 7], [-6, -4, -1], [-1, -10], [5]]
24.59766666666667
Tabla número 21
[[6, 2, 1, 0, -6], [3, -4, 8, -4], [-8, 0, 3], [-8, 10], [2]]
24.122666666666664
Tabla número 22
[[4, 9, 8, 0, -4], [3, 5, 4, 2], [6, -1, -3], [-8, -1], [8]]
25.433333333333326
Tabla número 23
[[6, -3, 3, 10, 10], [2, -4, 8, 0], [6, 9, -4], [3, 7], [-8]]
24.67766666666666
Tabla número 24
[[-4, 7, 9, 10, -10], [-1, 1, 6, -6], [10, 7, 2], [-9, -9], [-2]]
25.922533333333327
Tabla número 25
[[7, 4, -1, 0, -1], [10, 0, 0, 5], [-8, -6, 5], [-1, -6], [0]]
24.442466666666668
Tabla número 26
[[9, -6, -1, -5, -9], [-7, -4, -6, 5], [10, -3, 6], [-5, -8], [10]]
24.595666666666666
Tabla número 27
[[2, 2, -2, 2, -9], [-7, 5, -10, -7], [9, 4, 5], [10, -5], [-2]]
26.36220000000001
Tabla número 28
[[-5, 2, -7, 4, 5], [-5, -8, 9, 7], [9, -7, 3], [-5, 3], [-7]]
23.945933333333336
Tabla número 29
[[-2, 8, 0, -7, 0], [3, -8, 0, 0], [-1, 1, 0], [-9, 0], [0]]
24.877733333333335
Tabla número 30
[[4, 5, -4, 10, -9], [10, 0, -10, -4], [-10, -8, -1], [-3, 9], [-1]]
25.905800000000003
Tabla número 31
[[-1, 7, 5, -10, -9], [-9, -9, 9, -5], [-2, 3, -3], [8, 6], [-4]]
24.566466666666667
Tabla número 32
[[-9, -10, -9, 10, 1], [2, -8, 5, 1], [-8, 7, -4], [9, 0], [-10]]
24.703466666666667
Tabla número 33
[[-8, 0, 5, 9, 10], [6, -4, 9, -3], [7, 4, 4], [-2, -5], [-3]]
24.15006666666667
Tabla número 34
[[-5, 10, -5, 0, 10], [10, -1, -4, -8], [-1, 7, 9], [0, 9], [-10]]
23.987733333333335
Tabla número 35
[[-7, -5, -7, -3, 0], [-5, 7, -6, 6], [4, -1, 0], [8, -8], [-3]]
24.644999999999992
Tabla número 36
[[9, -1, 4, -6, -1], [5, -1, -7, -2], [-2, -8, 1], [7, 4], [-6]]
26.703599999999994
Tabla número 37
[[-8, 1, -6, 7, 6], [0, -2, -3, -6], [-6, 7, -7], [0, -6], [-4]]
25.176000000000002
Tabla número 38
[[0, -6, -7, 1, -1], [1, 9, 6, 7], [6, -8, -8], [5, -8], [8]]
24.833199999999998
Tabla número 39
[[4, -5, 6, -7, -7], [1, -8, 4, 2], [6, 5, -9], [-1, 0], [1]]
25.457666666666665
