Tabla número 0
[[9, 10, 4, 0, 0], [-4, 3, 0, -5], [-2, -7, -6], [0, -1], [5]]
24.95873333333333
Tabla número 1
[[8, 7, -8, -5, 10], [10, 4, -9, -6], [1, 7, 7], [9, -10], [-2]]
23.534
Tabla número 2
[[1, 1, 9, -8, 7], [7, -8, 9, 5], [-10, -10, 1], [-8, 9], [-7]]
23.534
Tabla número 3
[[4, 8, -3, -7, -5], [-1, 9, -9, -1], [-6, 1, 5], [-5, -6], [-10]]
23.534
Tabla número 4
[[7, -8, -5, 10, 0], [3, -9, -1, -6], [-1, 4, 0], [8, -8], [0]]
23.534
Tabla número 5
[[4, 8, 6, -3, 4], [9, -3, 5, -7], [6, 0, 5], [9, -8], [0]]
23.534
Tabla número 6
[[-5, -10, 1, 8, -9], [-8, -3, 5, 8], [-10, -1, -7], [0, 8], [-2]]
23.534
Tabla número 7
[[3, -5, 6, 9, 0], [6, -4, -10, 10], [9, 2, 0], [-9, 4], [1]]
23.534
Tabla número 8
[[0, -6, 5, 7, -1], [1, -4, 6, 7], [0, -3, 3], [-9, 0], [8]]
23.534
Tabla número 9
[[4, 0, -7, -7, -4], [5, -2, -8, 0], [-8, 8, -5], [-1, -1], [-7]]
23.534
Tabla número 10
[[-2, 4, -2, -5, -9], [-9, -10, 10, -10], [5, -3, 9], [7, 8], [-4]]
23.534
Tabla número 11
[[4, 2, -6, 10, 10], [-3, -8, 8, -5], [4, 5, -8], [9, 0], [-10]]
23.534
Tabla número 12
[[4, -3, -1, -1, 10], [3, 0, 6, 6], [6, 0, -1], [0, -5], [-3]]
23.534
Tabla número 13
[[-1, 2, -8, -7, -3], [1, 0, 0, 5], [9, -5, -5], [3, -5], [5]]
23.534
Tabla número 14
[[2, 3, -2, 4, -10], [4, 9, 4, -4], [-8, 7, 10], [-7, -8], [6]]
23.534
Tabla número 15
[[-8, 4, 6, 1, -2], [3, -10, 0, 0], [-6, -1, -7], [0, -6], [-9]]
23.534
Tabla número 16
[[-1, -1, -2, 0, 8], [-10, -3, 5, 2], [-2, 3, 10], [3, 3], [2]]
23.534
Tabla número 17
[[-4, 7, 7, 0, 10], [-7, -6, 9, -4], [-2, 7, -3], [4, 7], [-8]]
23.534
Tabla número 18
[[-5, -3, 0, -7, 4], [1, -9, 0, 7], [-6, 10, -7], [7, -4], [8]]
23.534
Tabla número 19
[[6, 2, -8, -3, 8], [4, -6, -6, 1], [9, -8, -9], [2, -6], [-3]]
23.534
Tabla número 20
[[-2, 6, -6, 0, 0], [5, -4, -3, -3], [-2, 1, 7], [7, 6], [1]]
24.655466666666666
Tabla número 21
[[6, -5, 5, 6, 5], [-9, -2, 10, 2], [10, 7, 9], [10, 10], [-3]]
25.142999999999997
Tabla número 22
[[6, 1, -7, -5, -6], [9, 0, 10, -1], [-9, -5, 6], [6, 0], [-10]]
23.775133333333336
Tabla número 23
[[-8, -9, 10, -5, -9], [5, -3, 4, 9], [2, -8, 5], [-8, -1], [-1]]
25.043399999999995
Tabla número 24
[[-10, -1, 1, 7, -3], [3, 5, 4, 8], [7, -7, 3], [-9, -5], [-1]]
24.822333333333336
Tabla número 25
[[-7, 4, 0, 1, -1], [-9, 1, 6, -8], [-1, -1, -3], [-7, 7], [-10]]
24.639933333333328
Tabla número 26
[[4, -6, 5, 3, 5], [-9, -1, 6, 0], [8, -3, -7], [-9, -8], [-9]]
25.125733333333336
Tabla número 27
[[4, 4, -4, 3, -2], [8, -6, -7, -6], [-2, -8, -9], [-2, -9], [-7]]
23.534
Tabla número 28
[[-9, 5, -9, 10, -9], [5, -10, -4, 7], [-10, -7, 9], [9, 6], [-5]]
23.580000000000002
Tabla número 29
[[0, -10, 3, -6, 6], [-7, 6, 9, -3], [4, 7, 0], [-4, 0], [-6]]
24.801066666666667
Tabla número 30
[[5, 2, -9, 7, -3], [-10, 3, 2, 3], [10, 4, -4], [-1, -3], [-4]]
24.799666666666667
Tabla número 31
[[2, 6, -7, 2, -7], [-3, 6, 8, -4], [6, 9, -1], [-5, -8], [-2]]
24.0388
Tabla número 32
[[-4, -6, 0, 10, 1], [3, 1, -3, -8], [0, 0, 4], [7, -4], [8]]
26.860866666666666
Tabla número 33
[[-8, 4, -1, -3, -9], [10, 5, 7, -6], [4, 4, -8], [5, 9], [-4]]
24.491733333333332
Tabla número 34
[[4, 10, -7, 0, 0], [-5, -8, -3, 0], [-1, 5, -7], [-8, 0], [7]]
25.6828
Tabla número 35
[[1, -9, -8, 10, -7], [2, 8, -3, -6], [6, 3, -3], [-3, 9], [0]]
25.23706666666667
Tabla número 36
[[-3, -4, 2, 0, 2], [-5, -4, -10, 0], [-2, -7, -5], [5, -1], [-8]]
26.088666666666665
Tabla número 37
[[6, -7, -7, 0, 1], [-5, -5, 9, -9], [-6, -1, -4], [4, -1], [-2]]
23.534
Tabla número 38
[[-2, -4, 8, -2, -5], [2, -8, -6, -1], [-3, 1, -7], [10, 9], [2]]
25.452066666666674
Tabla número 39
[[9, 3, -3, -10, 8], [1, 7, -10, 5], [10, 2, -8], [-2, 1], [1]]
24.641133333333336
