Tabla número 0
[[-5, 3, -8, 10, -1], [2, 1, -9, -4], [-8, -1, -7], [-7, -4], [8]]
24.88753333333333
Tabla número 1
[[7, -8, -5, 10, 0], [-9, -9, 10, -6], [-1, 7, 0], [10, -8], [0]]
23.534
Tabla número 2
[[6, 1, -7, 0, -4], [9, -6, 4, -4], [7, 7, 3], [-1, -1], [-1]]
23.534
Tabla número 3
[[4, -3, 6, -5, 4], [5, -1, 0, 0], [-2, -8, -9], [7, -8], [-5]]
23.534
Tabla número 4
[[-4, -6, 5, -2, -1], [3, -8, -6, -8], [0, 1, 9], [10, 6], [2]]
24.39506666666667
Tabla número 5
[[-1, 2, -2, 7, 8], [-10, 3, 5, -3], [-2, 3, 0], [-4, 0], [2]]
23.534
Tabla número 6
[[0, -1, -9, 0, 6], [-10, -3, 9, 2], [10, 4, 10], [10, 3], [-4]]
23.534
Tabla número 7
[[-8, 0, 0, 1, -9], [3, 5, 6, 0], [-9, 0, -7], [0, 0], [-9]]
23.534
Tabla número 8
[[5, -10, 3, -6, -3], [-7, 6, 2, 3], [4, 7, -4], [-1, -3], [-6]]
23.534
Tabla número 9
[[-8, -6, 10, 7, 5], [-7, -2, 9, 0], [-2, 4, -5], [-9, -8], [-7]]
23.534
Tabla número 10
[[-7, 1, 1, -8, -9], [7, -10, 5, -10], [5, -10, -7], [-8, 8], [-4]]
23.534
Tabla número 11
[[-10, -3, -1, -3, 10], [3, 0, 7, -7], [6, 8, -8], [5, -6], [-4]]
23.534
Tabla número 12
[[2, 4, -7, 1, -9], [-8, 6, 9, 5], [-10, 9, 1], [-5, -8], [-2]]
23.534
Tabla número 13
[[-1, 2, -3, -7, -3], [1, 0, -9, -1], [-6, -5, 5], [3, -6], [-10]]
23.534
Tabla número 14
[[4, -9, 5, -3, -9], [9, -3, 6, -7], [8, 0, -7], [9, -1], [-9]]
23.534
Tabla número 15
[[-3, -4, -8, 10, -7], [-5, -4, -3, 0], [6, 3, -5], [5, 9], [0]]
23.534
Tabla número 16
[[-2, 7, 0, -5, 1], [4, 4, -3, -1], [0, 0, 7], [7, 7], [-2]]
23.534
Tabla número 17
[[4, 4, -4, 3, -2], [1, -6, -7, 7], [-6, 10, -7], [-2, -9], [8]]
23.534
Tabla número 18
[[6, 2, -8, -3, 8], [4, -6, -6, 1], [9, -8, -9], [2, -6], [-3]]
23.534
Tabla número 19
[[3, 7, 7, 0, 0], [5, -4, -8, 10], [-2, 2, 0], [4, -1], [-8]]
23.534
Tabla número 20
[[-9, 5, 2, 7, -9], [5, 8, -10, -6], [-10, -7, 7], [-3, 6], [-8]]
25.94613333333333
Tabla número 21
[[1, -9, -9, 0, 2], [2, -4, -4, 7], [-2, -7, -3], [-9, -1], [8]]
25.905999999999995
Tabla número 22
[[4, 4, -7, 10, 10], [-9, -3, 4, 8], [4, 5, -8], [-9, 0], [-1]]
24.85526666666667
Tabla número 23
[[4, -1, -1, -7, -3], [10, 0, 10, -6], [-8, -7, 5], [9, -5], [-10]]
25.585466666666665
Tabla número 24
[[6, 3, -3, -10, -2], [1, 9, 0, 5], [1, 2, -8], [9, 1], [1]]
24.221266666666665
Tabla número 25
[[9, -4, 6, -1, 8], [10, 7, -10, 2], [10, 7, -6], [-2, -8], [-3]]
25.348000000000003
Tabla número 26
[[0, -6, 8, 10, -5], [5, -10, 6, 7], [-3, -3, 4], [9, 9], [-5]]
23.534
Tabla número 27
[[2, 4, -2, 4, -10], [3, -10, 4, -6], [10, 4, 10], [0, -5], [6]]
23.534
Tabla número 28
[[8, -10, 0, 9, 0], [-9, -3, 6, -8], [-1, 7, -6], [-7, -10], [-2]]
25.071400000000004
Tabla número 29
[[9, 10, 4, 8, 10], [6, 3, -10, -5], [9, -7, -3], [1, 4], [1]]
24.70973333333333
Tabla número 30
[[1, 4, 9, -7, -7], [-3, 1, 8, -4], [6, 1, -1], [-5, 7], [5]]
25.339199999999998
Tabla número 31
[[4, 6, -8, 2, -5], [-1, 9, 0, 5], [2, -1, -5], [0, 9], [-10]]
24.614933333333333
Tabla número 32
[[-8, 2, -7, 0, -6], [-3, -8, 8, 0], [4, -5, 6], [6, 0], [-10]]
23.534
Tabla número 33
[[-4, -5, 6, 0, 10], [-4, 5, 0, 9], [2, -3, -3], [5, 7], [5]]
23.534
Tabla número 34
[[-2, 6, -6, -5, 0], [1, -8, -3, -5], [-2, 5, -7], [-8, 9], [7]]
25.334933333333332
Tabla número 35
[[4, 10, -6, 0, 0], [-5, -4, -3, -3], [-1, 1, 3], [7, 0], [1]]
24.982600000000005
Tabla número 36
[[-2, -7, -2, 0, 7], [-9, -8, 9, 8], [-10, -3, -4], [4, 8], [-2]]
23.9952
Tabla número 37
[[6, 4, -7, -5, 1], [-5, -5, 10, -9], [-6, -1, 9], [7, -1], [3]]
24.1324
Tabla número 38
[[4, 8, 0, -7, 4], [3, -2, 5, -6], [6, -8, 5], [-8, -4], [-3]]
23.193533333333338
Tabla número 39
[[-5, -5, 5, 6, 5], [8, -9, -1, 6], [-6, -1, -1], [8, 10], [-7]]
24.296933333333335
