Tabla número 0
[[6, 8, 8, -7, -9], [-3, -3, 6, -7], [-6, 0, -4], [7, -4], [2]]
23.534
Tabla número 1
[[-3, 7, -6, -1, -10], [-1, -8, -7, 3], [0, 1, -7], [0, -9], [8]]
23.534
Tabla número 2
[[0, 7, -7, 6, 5], [-9, 1, 6, 8], [6, -1, -1], [-2, -8], [-4]]
23.534
Tabla número 3
[[1, -1, -8, 0, 8], [10, 0, 4, -6], [-6, 5, 8], [9, -8], [1]]
23.534
Tabla número 4
[[7, 0, -7, 0, -3], [10, 3, -10, -5], [-2, 7, -7], [-9, -1], [-2]]
23.534
Tabla número 5
[[9, -3, -8, 10, -5], [10, -10, -9, 0], [6, -7, -5], [4, 6], [-5]]
23.534
Tabla número 6
[[6, 4, 3, -5, 6], [-5, -9, 4, 7], [-2, -8, -8], [-5, -6], [-10]]
23.534
Tabla número 7
[[4, 6, 0, 3, 10], [9, -1, 0, -6], [10, 0, 7], [-2, 0], [-2]]
23.534
Tabla número 8
[[8, -1, -7, -3, 8], [3, 0, -3, 9], [-8, 9, -7], [-1, 4], [-8]]
23.534
Tabla número 9
[[-8, -8, -6, 8, 5], [2, 9, -3, 10], [4, 2, 5], [0, -1], [-7]]
23.534
Tabla número 10
[[5, -5, -7, -6, 0], [1, -2, 9, -3], [-10, -3, 3], [3, -5], [-9]]
23.534
Tabla número 11
[[4, 3, 1, 0, 0], [-4, 3, 5, -4], [-2, 4, 0], [-1, -8], [-8]]
23.534
Tabla número 12
[[9, -10, 5, -2, -10], [-9, -9, 10, 10], [-2, -8, -7], [0, 0], [6]]
23.534
Tabla número 13
[[4, 2, -4, 4, -3], [-9, 7, 9, -2], [-10, 7, 9], [4, 3], [-1]]
23.534
Tabla número 14
[[6, 1, 9, 3, 7], [4, -10, 7, -8], [-6, -1, 5], [-8, -8], [-7]]
23.534
Tabla número 15
[[-2, 6, -1, 0, 8], [1, 4, 8, 7], [4, 2, -8], [8, 7], [-6]]
23.534
Tabla número 16
[[-5, -3, -5, 10, -9], [-10, -4, -10, 0], [-1, 7, -9], [-4, -1], [0]]
23.534
Tabla número 17
[[2, -4, -9, -5, -2], [1, -4, 6, 0], [9, -4, -7], [-5, 0], [-10]]
23.534
Tabla número 18
[[-10, -9, -2, 1, 10], [-7, 8, 4, -5], [8, 3, 10], [9, 0], [7]]
23.534
Tabla número 19
[[4, -7, -8, -7, 10], [3, -6, 0, 5], [-1, 7, 0], [-5, 9], [0]]
23.534
Tabla número 20
[[0, 4, 5, 0, 1], [-5, -5, 6, 0], [2, 10, 5], [-2, 9], [-10]]
23.534
Tabla número 21
[[4, 10, 6, -7, 1], [5, -8, 10, 5], [-1, -3, 6], [-4, 8], [1]]
24.06746666666667
Tabla número 22
[[-7, -6, -1, 0, -2], [5, -9, -3, 2], [-2, 8, -4], [-3, -5], [5]]
25.339866666666662
Tabla número 23
[[-8, 4, -3, -5, 0], [1, 5, -9, 5], [6, 1, -7], [0, 6], [-9]]
24.933933333333332
Tabla número 24
[[-9, 1, 10, 1, -1], [9, -4, 5, -3], [-9, -1, 0], [7, 7], [10]]
25.150800000000004
Tabla número 25
[[-1, -10, -2, 10, -3], [8, 9, 2, 8], [1, 3, -3], [9, -3], [8]]
25.035199999999993
Tabla número 26
[[6, 3, -2, 7, 10], [5, -6, 0, 1], [10, 4, 9], [-1, 0], [-3]]
24.355933333333336
Tabla número 27
[[-4, 5, 2, -7, -7], [4, 0, 8, -6], [-2, -5, 4], [-8, -1], [-8]]
24.355933333333336
Tabla número 28
[[4, -5, 5, 0, -7], [-10, -4, -10, -10], [7, -8, -3], [3, -1], [0]]
25.138199999999994
Tabla número 29
[[4, 2, 5, 2, -9], [6, 6, -3, -4], [4, -7, 3], [8, -5], [-10]]
25.1304
Tabla número 30
[[2, -6, -7, 9, -1], [-8, -3, -6, -1], [10, 4, -1], [9, 9], [5]]
23.534
Tabla número 31
[[1, 2, -3, -5, -9], [5, -8, 9, -6], [-1, -3, -6], [10, -6], [-10]]
23.534
Tabla número 32
[[4, 2, 6, 10, -5], [2, 5, -6, 2], [4, -1, 5], [-8, 0], [-7]]
24.823933333333336
Tabla número 33
[[-1, -9, 7, -3, -6], [3, 0, 0, -10], [6, -8, -3], [-9, 10], [-6]]
24.436933333333332
Tabla número 34
[[-7, 4, 0, 7, 2], [-5, 6, 9, -1], [-3, 10, 3], [7, -4], [1]]
23.534
Tabla número 35
[[-2, 4, 1, -10, -9], [3, -3, -6, 0], [9, -4, -9], [10, -6], [0]]
23.534
Tabla número 36
[[-8, -6, -8, 10, 0], [-9, -6, -1, 7], [9, 1, 7], [6, -1], [-2]]
25.06646666666667
Tabla número 37
[[-5, 8, -9, -8, 4], [-7, -3, 5, 6], [-6, -7, 1], [7, -10], [-4]]
25.070999999999994
Tabla número 38
[[-2, 10, 4, -3, 5], [1, -8, -4, -4], [5, 5, 10], [-9, 3], [-3]]
24.981599999999997
Tabla número 39
[[-4, 5, 0, 7, -4], [3, 1, 5, -8], [-8, -7, -5], [-9, -8], [-6]]
24.868066666666667
