Tabla número 0
[[-8, -9, -7, -5, -3], [-10, 0, 4, -1], [2, 4, 5], [-5, -1], [-2]]
23.534
Tabla número 1
[[-2, 2, -6, -10, -7], [1, -8, -8, -6], [-8, 5, -3], [-1, -1], [-10]]
23.534
Tabla número 2
[[6, 4, -2, -3, -9], [1, -6, 0, 1], [9, -5, 9], [7, -1], [-4]]
25.082733333333334
Tabla número 3
[[-5, 7, -9, -7, -6], [-7, -9, 8, 3], [6, 10, -1], [-8, -8], [-1]]
23.534
Tabla número 4
[[9, -10, 5, 10, 4], [1, 5, -3, -6], [4, 3, -6], [10, 9], [0]]
23.601133333333337
Tabla número 5
[[1, 1, 9, -8, 7], [7, -8, 9, 5], [-10, -10, 1], [-8, 9], [-7]]
23.534
Tabla número 6
[[4, -8, 1, 10, 0], [-4, -3, -1, -3], [-10, 4, -7], [0, -8], [-9]]
23.534
Tabla número 7
[[1, -1, -3, 4, 2], [2, 9, -6, 0], [4, 7, -5], [7, -1], [-8]]
23.534
Tabla número 8
[[-4, 0, 0, 0, -4], [10, -2, 5, 0], [-1, 8, -5], [3, 9], [-10]]
23.534
Tabla número 9
[[-2, 2, 0, -5, 8], [2, -10, 4, -10], [5, 5, -9], [-2, -6], [-3]]
23.534
Tabla número 10
[[5, 2, 7, 2, 4], [9, 6, 9, -4], [-2, 10, -7], [7, -4], [8]]
23.534
Tabla número 11
[[-8, -5, 5, 0, -2], [5, -6, 6, 7], [10, -7, -4], [0, -1], [-6]]
23.534
Tabla número 12
[[-3, 5, 2, 0, 0], [3, 1, -3, 2], [-2, -7, 10], [-3, 3], [-8]]
23.534
Tabla número 13
[[9, -4, 5, -2, -5], [4, 7, 5, -1], [-3, 1, 7], [-2, 0], [6]]
23.534
Tabla número 14
[[-1, -7, -9, -7, -2], [-9, -10, 9, 5], [-2, 0, 0], [-5, 6], [-10]]
23.534
Tabla número 15
[[0, -10, -6, -6, -9], [3, 6, 0, -3], [4, 1, -7], [9, 0], [-3]]
23.534
Tabla número 16
[[2, 6, 6, 7, -5], [1, 0, 5, 7], [0, 9, 5], [-9, -3], [1]]
23.534
Tabla número 17
[[4, -1, -1, -5, -1], [6, -4, -3, 0], [7, -8, 0], [6, 0], [-10]]
23.534
Tabla número 18
[[-1, -6, -1, 10, 8], [-10, 3, -10, 9], [9, 2, -8], [-1, 0], [-4]]
23.534
Tabla número 19
[[-5, 10, -7, 0, 1], [-5, -3, 5, -5], [-6, -1, -9], [0, -1], [-7]]
23.534
Tabla número 20
[[-9, 5, 3, 10, 6], [-7, -10, -4, -6], [-1, 7, 9], [-4, 6], [0]]
25.405733333333337
Tabla número 21
[[2, 3, -2, 3, -10], [-9, -4, 7, 0], [-8, -3, -8], [-7, -6], [1]]
25.73973333333333
Tabla número 22
[[-2, -3, -8, 0, 10], [1, -6, 0, 0], [-6, 7, -5], [4, 7], [-8]]
25.721533333333337
Tabla número 23
[[4, 2, -4, 0, -3], [8, 9, 9, -9], [-6, -1, 9], [4, -6], [-2]]
23.534
Tabla número 24
[[4, 8, 5, -3, -7], [-1, -4, 2, -1], [6, -1, 3], [3, 10], [8]]
24.364066666666666
Tabla número 25
[[6, 4, 4, 3, 0], [-8, -5, -7, -6], [-2, -8, -7], [-2, -9], [5]]
25.686466666666668
Tabla número 26
[[0, -6, 6, 7, 1], [-5, -8, 10, -8], [-2, -3, 6], [-9, -8], [2]]
23.534
Tabla número 27
[[-4, -6, 0, 1, 5], [4, -2, 10, 7], [9, -3, -3], [-9, -5], [5]]
24.8804
Tabla número 28
[[6, 6, 8, 9, -1], [-3, -3, 6, -4], [-2, 0, -4], [7, -4], [2]]
24.60626666666667
Tabla número 29
[[4, 8, -3, -7, -9], [9, 3, -9, -7], [-6, 1, 5], [9, 8], [-2]]
25.127533333333336
Tabla número 30
[[-7, 4, 1, 1, -3], [3, 1, 6, 8], [-1, -1, -3], [-9, 7], [-1]]
23.534
Tabla número 31
[[-8, -5, -7, -3, 0], [5, -4, -10, 2], [10, 2, -8], [-1, 4], [1]]
23.534
Tabla número 32
[[6, 4, -7, 7, 5], [5, -1, 6, 5], [6, 7, -7], [10, -5], [-9]]
23.654733333333333
Tabla número 33
[[4, 4, -8, -7, -9], [5, -3, -3, 8], [0, 4, 4], [5, 9], [-7]]
24.59466666666667
Tabla número 34
[[4, -9, -7, 10, 10], [-5, 0, 8, -5], [10, 3, -1], [9, 0], [7]]
25.410733333333333
Tabla número 35
[[-10, 3, -2, 6, 10], [-9, 8, 4, -4], [8, 0, 10], [-8, -8], [-3]]
25.884466666666665
Tabla número 36
[[-7, 1, 10, -1, -9], [3, -8, -10, 10], [-9, -7, -7], [0, -5], [-10]]
23.534
Tabla número 37
[[8, 7, -8, -5, 10], [10, 4, -9, -6], [1, 7, 7], [9, -10], [-2]]
23.534
Tabla número 38
[[4, 10, -8, 0, 0], [-9, 5, -6, -8], [6, -8, 3], [8, 0], [0]]
23.534
Tabla número 39
[[7, -3, -5, 8, 8], [3, -9, 0, 6], [-10, -7, 0], [8, -8], [-5]]
23.534
