Tabla número 0
[[1, 0, -7, -6, -3], [3, 0, 9, -6], [-10, -4, -7], [-9, -8], [-2]]
23.534
Tabla número 1
[[-8, 10, 2, -8, 4], [1, -6, -4, 5], [5, -7, -3], [7, -8], [-3]]
23.534
Tabla número 2
[[-2, 9, 1, -5, 0], [1, -9, 0, -6], [-2, 2, -7], [0, 6], [-1]]
23.534
Tabla número 3
[[-9, 4, -4, 0, 7], [-8, -4, -3, -1], [9, -1, 3], [-5, -4], [-10]]
23.95073333333332
Tabla número 4
[[0, 7, -7, 6, 5], [-9, 1, 6, 8], [6, -1, -1], [-2, -8], [-4]]
23.534
Tabla número 5
[[9, -10, -2, -1, -10], [-9, -9, 5, 1], [6, -8, 1], [-1, -1], [-9]]
23.534
Tabla número 6
[[4, 10, 6, -7, 10], [3, -6, 10, 5], [-1, -3, 6], [5, 9], [1]]
23.534
Tabla número 7
[[-10, -6, -2, -5, -7], [1, 8, -9, -4], [7, 3, 4], [0, 0], [7]]
23.534
Tabla número 8
[[-8, 4, -7, 0, 8], [10, 3, -10, -5], [6, -3, -3], [10, -1], [0]]
23.534
Tabla número 9
[[-4, 8, 3, -2, 0], [5, -9, -7, -8], [-2, -8, -8], [6, -1], [-2]]
23.534
Tabla número 10
[[4, -7, -8, -7, 1], [5, -8, 0, 5], [-1, 7, 0], [-5, 8], [0]]
23.534
Tabla número 11
[[8, 8, -7, -3, -9], [3, 0, -6, -1], [-6, -8, -4], [-9, 3], [-8]]
23.534
Tabla número 12
[[-3, 7, -2, -7, -9], [4, 5, -3, 3], [-2, 1, -7], [9, -5], [8]]
23.534
Tabla número 13
[[5, 1, -6, -10, 8], [6, 5, 6, -10], [0, 4, -3], [8, -4], [1]]
23.534
Tabla número 14
[[4, 5, 8, 0, -3], [-9, -10, 9, -4], [-8, 5, -5], [-3, 3], [-6]]
23.534
Tabla número 15
[[-7, 9, 7, 10, 10], [-4, 6, 4, 2], [-2, 9, 7], [-8, 0], [-8]]
23.534
Tabla número 16
[[6, 3, 5, 7, 10], [5, -6, 10, 10], [10, 4, -7], [0, 0], [-3]]
23.534
Tabla número 17
[[4, -9, -9, 3, -1], [3, -4, 5, -6], [10, 7, -7], [-1, 0], [-2]]
23.534
Tabla número 18
[[2, 4, 0, 8, 2], [8, 9, 5, 8], [-1, -5, -6], [9, -6], [10]]
23.534
Tabla número 19
[[4, 3, 0, -5, -5], [3, 0, -10, 0], [10, 5, -9], [-2, 0], [-3]]
23.534
Tabla número 20
[[-1, -1, 5, 4, 1], [-5, -10, -6, 0], [2, 10, 9], [4, 9], [-7]]
25.494200000000003
Tabla número 21
[[7, -5, -8, 0, -6], [10, -3, 4, -3], [-2, 7, 0], [3, -6], [-7]]
25.654266666666665
Tabla número 22
[[-2, 6, -1, 0, 8], [1, 4, 8, 7], [4, 2, -8], [8, 7], [-6]]
23.534
Tabla número 23
[[4, -9, -1, 7, 5], [2, 3, -3, -5], [4, -7, -4], [-1, -9], [5]]
24.79046666666667
Tabla número 24
[[6, 4, -8, -5, 6], [-7, -3, -1, 7], [9, 1, 7], [-5, -6], [-4]]
24.3848
Tabla número 25
[[9, -3, 1, 10, 0], [2, -3, -3, 0], [-6, 3, -5], [-8, 6], [-5]]
23.878866666666664
Tabla número 26
[[0, 2, -3, 1, -3], [4, -5, 6, 6], [4, -8, 3], [7, -8], [-9]]
23.534
Tabla número 27
[[-2, 2, 9, 3, 5], [-3, -8, 5, -2], [-10, 7, 5], [4, -5], [-1]]
23.534
Tabla número 28
[[6, -3, 5, -3, -9], [-10, 0, 9, -7], [9, 0, 5], [3, 9], [-7]]
25.221733333333336
Tabla número 29
[[4, 2, -7, 2, -10], [-1, 6, -9, 9], [-8, -7, -1], [-9, 4], [-4]]
23.8412
Tabla número 30
[[-8, -6, -9, 7, -4], [-9, -9, 0, 6], [-6, -3, 9], [-9, 0], [6]]
25.09533333333333
Tabla número 31
[[1, 5, 10, 1, 10], [6, 9, 2, -6], [1, -1, 0], [9, -1], [8]]
24.97473333333334
Tabla número 32
[[2, -8, 6, -7, 0], [9, -4, 0, -10], [-1, 0, -9], [-4, -8], [0]]
23.534
Tabla número 33
[[4, -5, -8, -3, -5], [10, 7, -6, -8], [-8, -1, 5], [-8, 10], [-10]]
23.534
Tabla número 34
[[-7, -6, 0, 0, -7], [-5, -3, 6, -4], [-3, 4, 5], [-8, -1], [2]]
23.400066666666664
Tabla número 35
[[-1, -10, -3, 10, -1], [-7, -8, 9, -3], [8, -3, 10], [9, 7], [-6]]
25.911599999999996
Tabla número 36
[[-5, 6, 5, 0, -2], [0, -1, -10, 2], [4, -4, -7], [8, -1], [-10]]
24.936400000000003
Tabla número 37
[[-4, 2, -6, 9, -9], [5, -2, 8, 10], [-9, 10, 3], [10, -3], [-10]]
23.81693333333333
Tabla número 38
[[6, 1, -5, 10, -9], [-10, -4, 7, 0], [-6, 5, 9], [-2, -5], [0]]
24.27966666666667
Tabla número 39
[[-5, 4, 4, 10, -2], [-5, -8, 4, 7], [-2, 8, 10], [0, -10], [-10]]
25.39526666666666
