Tabla número 0
[[2, 3, -2, 3, -10], [-7, -10, 7, -6], [-1, -3, 9], [-9, 6], [1]]
23.534
Tabla número 1
[[-5, 10, -7, 0, 1], [-5, -3, 5, -5], [-6, -1, -9], [0, -1], [-7]]
24.8804
Tabla número 2
[[4, 6, -3, 9, -1], [9, 3, -9, -4], [-2, 1, 5], [9, 8], [-2]]
23.534
Tabla número 3
[[4, 3, -7, 10, 10], [-5, 0, 8, -4], [10, 0, 10], [-8, 0], [-3]]
23.534
Tabla número 4
[[-8, -5, 5, 0, -2], [5, -6, 6, 7], [10, -7, -4], [0, -1], [-6]]
23.534
Tabla número 5
[[7, -3, -5, 8, 8], [3, -9, 0, 6], [-10, -7, 0], [8, -8], [-5]]
23.534
Tabla número 6
[[-10, -9, -2, 6, 10], [-9, 8, 4, -5], [8, 3, -1], [9, -8], [7]]
23.534
Tabla número 7
[[-2, 2, 0, -5, 8], [2, -10, 4, -10], [5, 5, -9], [-2, -6], [-3]]
23.534
Tabla número 8
[[4, -8, 1, 10, 0], [-4, -3, -1, -3], [-10, 4, -7], [0, -8], [-9]]
23.534
Tabla número 9
[[-8, -5, -7, -3, 0], [5, -4, -10, 2], [10, 2, -8], [-1, 4], [1]]
23.534
Tabla número 10
[[6, 8, 8, -7, -9], [-3, -3, 6, -7], [-6, 0, -4], [7, -4], [2]]
23.534
Tabla número 11
[[1, 1, 9, -8, 7], [7, -8, 9, 5], [-10, -10, 1], [-8, 9], [-7]]
23.534
Tabla número 12
[[1, -1, -3, 4, 2], [2, 9, -6, 0], [4, 7, -5], [7, -1], [-8]]
23.534
Tabla número 13
[[9, -4, 5, -2, -5], [4, 7, 5, -1], [-3, 1, 7], [-2, 0], [6]]
23.534
Tabla número 14
[[4, -1, -1, -5, -1], [6, -4, -3, 0], [7, -8, 0], [6, 0], [-10]]
23.534
Tabla número 15
[[-3, 5, 2, 0, 0], [3, 1, -3, 2], [-2, -7, 10], [-3, 3], [-8]]
23.534
Tabla número 16
[[8, 7, -8, -5, 10], [10, 4, -9, -6], [1, 7, 7], [9, -10], [-2]]
23.534
Tabla número 17
[[-5, 7, -9, -7, -6], [-7, -9, 8, 3], [6, 10, -1], [-8, -8], [-1]]
23.534
Tabla número 18
[[6, 4, -7, 7, 5], [5, -1, 6, 8], [6, 4, -7], [5, 9], [-7]]
23.534
Tabla número 19
[[-4, 0, 0, 0, -4], [10, -2, 5, 0], [-1, 8, -5], [3, 9], [-10]]
23.534
Tabla número 20
[[-1, -6, -1, 10, 8], [-10, 3, -10, 9], [9, 2, -8], [-1, 0], [-4]]
23.534
Tabla número 21
[[-7, 4, 1, 1, -3], [3, 1, 6, 8], [-1, -1, -3], [-9, 7], [-1]]
24.8804
Tabla número 22
[[4, 2, -4, 0, -3], [8, 9, 9, -9], [-6, -1, 9], [4, -6], [-2]]
23.534
Tabla número 23
[[-8, -9, -7, -5, -3], [-10, 0, 4, -1], [2, 4, 5], [-5, -1], [-2]]
23.534
Tabla número 24
[[4, 4, -8, -7, -9], [5, -3, -3, 5], [0, 7, 4], [10, -5], [-9]]
24.328466666666667
Tabla número 25
[[4, 10, -8, 0, 0], [-9, 5, -6, -8], [6, -8, 3], [8, 0], [0]]
25.4736
Tabla número 26
[[5, 2, 7, 2, 4], [9, 6, 9, -4], [-2, 10, -7], [7, -4], [8]]
25.557799999999997
Tabla número 27
[[-4, -6, 0, 1, 5], [4, -2, 10, 7], [9, -3, -3], [-9, -5], [5]]
23.601133333333337
Tabla número 28
[[2, 6, 6, 7, -5], [1, 0, 5, 7], [0, 9, 5], [-9, -3], [1]]
24.31826666666667
Tabla número 29
[[0, -6, 6, 7, 1], [-5, -8, 10, -8], [-2, -3, 6], [-9, -8], [2]]
25.0634
Tabla número 30
[[0, -10, -6, -6, -9], [3, 6, 0, -3], [4, 1, -7], [9, 0], [-3]]
25.721533333333337
Tabla número 31
[[9, -10, 5, 10, 4], [1, 5, -3, -6], [4, 3, -6], [10, 9], [0]]
25.082733333333334
Tabla número 32
[[-2, -3, -8, 0, 10], [1, -6, 0, 0], [-6, 7, -5], [4, 7], [-8]]
23.534
Tabla número 33
[[4, 4, 4, 3, 0], [-1, -5, -7, -6], [6, -8, -7], [-2, 10], [8]]
23.534
Tabla número 34
[[6, 4, -2, -3, -9], [1, -6, 0, 1], [9, -5, 9], [7, -1], [-4]]
24.48046666666666
Tabla número 35
[[-2, 2, -6, -10, -7], [1, -8, -8, -6], [-8, 5, -3], [-1, -1], [-10]]
25.823733333333333
Tabla número 36
[[-7, 1, 10, -1, -9], [3, -8, -10, 10], [-9, -7, -7], [0, -5], [-10]]
24.305466666666668
Tabla número 37
[[-9, 5, 3, 10, 6], [-9, -4, -4, 0], [-8, 7, -8], [-4, -6], [0]]
25.247133333333338
Tabla número 38
[[6, 8, 5, -3, -7], [-8, -4, 2, -1], [-2, -1, 3], [3, -9], [5]]
23.534
Tabla número 39
[[-1, -7, -9, -7, -2], [-9, -10, 9, 5], [-2, 0, 0], [-5, 6], [-10]]
23.534
