Tabla número 0
[[2, 2, -8, 10, 0], [10, -8, 5, 5], [-8, 9, -7], [2, -8], [-6]]
23.43086666666667
Tabla número 1
[[-2, 4, 0, 0, -2], [-1, 5, -10, 8], [4, -7, 7], [0, 0], [-9]]
24.1348
Tabla número 2
[[-2, 2, 0, 0, -5], [3, -2, 9, 0], [7, 7, 4], [6, -4], [-10]]
24.1348
Tabla número 3
[[10, 7, 5, 0, 1], [-9, -10, -8, 0], [6, -8, 3], [-1, 0], [0]]
23.43086666666667
Tabla número 4
[[-8, 8, 6, 10, 0], [-8, 6, 4, -6], [-2, -5, -7], [0, -1], [-10]]
23.534
Tabla número 5
[[1, 7, 6, 8, 4], [-5, -6, 10, -7], [-1, -3, 7], [5, -8], [-1]]
23.43086666666667
Tabla número 6
[[6, -6, -7, -3, 2], [3, -5, -4, -5], [-3, -8, 3], [9, 3], [-4]]
23.534
Tabla número 7
[[-5, -3, -9, -7, -3], [-1, -8, -3, -5], [-9, -3, -7], [7, 0], [-10]]
24.697
Tabla número 8
[[-4, 1, -4, -5, 0], [3, -8, -3, 6], [2, -1, -5], [4, -1], [8]]
23.43086666666667
Tabla número 9
[[9, 5, -1, -10, -3], [-5, 4, -9, 0], [10, 4, -5], [-6, -6], [7]]
23.43086666666667
Tabla número 10
[[-3, 1, 6, 7, -9], [-9, -8, -3, -7], [-2, 4, 2], [-9, 0], [2]]
23.534
Tabla número 11
[[3, 4, 9, -5, 1], [7, -9, 8, 8], [6, -4, -7], [10, -8], [-2]]
23.534
Tabla número 12
[[7, -10, -1, 0, -4], [1, 8, 6, -1], [-1, 10, -8], [-8, -1], [1]]
23.43086666666667
Tabla número 13
[[1, -6, -6, 0, 4], [-3, -10, -6, -3], [8, 1, -9], [9, 4], [-10]]
23.43086666666667
Tabla número 14
[[-8, -4, -3, -10, -1], [-9, 7, 9, 9], [-1, 0, 9], [-7, 6], [-10]]
23.43086666666667
Tabla número 15
[[0, -3, -8, 1, 8], [-7, -2, 6, -6], [2, -7, 8], [-4, 8], [-7]]
23.534
Tabla número 16
[[4, 2, 0, -3, 0], [-4, -10, 10, 2], [9, 8, -8], [9, -5], [-9]]
23.43086666666667
Tabla número 17
[[-8, 4, 4, 0, 0], [2, 9, -9, 2], [-10, -1, -6], [7, -6], [5]]
23.43086666666667
Tabla número 18
[[2, -1, 5, -7, -1], [5, 0, 4, 7], [-2, 5, 5], [3, -4], [7]]
23.43086666666667
Tabla número 19
[[6, 6, 5, 10, -10], [-7, 5, -1, -9], [-2, 1, -3], [7, 7], [-6]]
23.43086666666667
Tabla número 20
[[2, -9, 10, -6, 10], [9, -7, 4, 5], [9, 2, 5], [0, -1], [-4]]
23.864533333333334
Tabla número 21
[[6, 6, 2, -5, -7], [-5, -2, 1, 7], [8, 7, -7], [-4, 7], [-3]]
24.30226666666666
Tabla número 22
[[4, -5, 7, 4, -6], [4, -3, 0, 7], [4, 7, 0], [-7, 9], [5]]
23.325466666666664
Tabla número 23
[[6, -1, -2, 10, -9], [10, -6, -10, -4], [2, 0, -7], [7, 9], [-4]]
26.185400000000005
Tabla número 24
[[-4, 3, 8, -7, -9], [1, -9, 8, 9], [-3, 3, 6], [1, -3], [2]]
25.650533333333332
Tabla número 25
[[-8, -6, -6, -7, -5], [2, -4, 9, -6], [-8, 7, -1], [-8, 9], [-8]]
23.534
Tabla número 26
[[0, 10, -7, 7, 8], [3, 9, -6, -8], [-6, 0, -8], [-2, -9], [3]]
24.96693333333333
Tabla número 27
[[4, -8, 6, 6, 6], [7, 1, -9, -6], [6, -1, -6], [6, -1], [1]]
25.782066666666662
Tabla número 28
[[5, -9, 3, 0, 10], [3, 1, 5, -10], [-6, 4, -5], [8, 0], [-10]]
24.6744
Tabla número 29
[[4, -7, 1, -8, -9], [5, 3, 7, 2], [0, -4, -1], [-3, 9], [1]]
24.651400000000006
Tabla número 30
[[4, 4, -8, 7, 10], [-10, 0, -3, 10], [10, -8, -3], [-8, 0], [0]]
24.5664
Tabla número 31
[[4, -10, -5, -3, 10], [5, 3, -10, 0], [-10, 3, 10], [-9, -10], [5]]
26.102133333333327
Tabla número 32
[[4, 10, -2, -5, 8], [-3, -10, -7, -4], [5, -5, -6], [-9, 10], [-5]]
25.1592
Tabla número 33
[[9, -5, 0, 9, 5], [1, -3, 6, -8], [-6, 5, 0], [10, 9], [-10]]
25.063599999999997
Tabla número 34
[[-9, 0, -9, 1, 7], [5, -6, 0, -3], [-2, -7, -3], [10, 2], [8]]
25.668799999999997
Tabla número 35
[[-5, 4, -7, 0, 5], [-10, -3, 9, 1], [1, -7, 10], [-2, -8], [-7]]
24.02113333333334
Tabla número 36
[[-2, 3, -7, -5, -3], [6, -8, 8, -4], [-2, 2, 0], [-5, 5], [-3]]
23.534
Tabla número 37
[[-5, -4, -7, -8, -7], [1, -1, 0, 3], [4, 1, -9], [5, -5], [2]]
23.43086666666667
Tabla número 38
[[-10, 2, -8, -7, -9], [-9, 0, 2, 5], [-10, 7, -4], [9, -8], [9]]
23.43086666666667
Tabla número 39
[[-7, 4, -2, 1, -2], [1, -5, -10, -1], [10, -10, 1], [-1, 6], [-2]]
23.43086666666667
