Tabla número 0
[[4, 3, -1, -1, 10], [3, -8, 6, 5], [6, 0, -7], [0, -5], [-3]]
23.534
Tabla número 1
[[1, 1, 9, -8, 7], [7, -8, 9, 5], [-10, -10, 1], [-8, 9], [-7]]
23.534
Tabla número 2
[[-5, 10, -7, 0, 1], [-5, -3, 5, -5], [-6, -1, -9], [0, -1], [-7]]
23.534
Tabla número 3
[[4, 8, -3, -7, -9], [9, 3, -9, -7], [-6, 1, 5], [9, 8], [-2]]
23.534
Tabla número 4
[[2, 3, -2, 4, -10], [4, 9, 4, -4], [-8, 7, 10], [-7, -8], [6]]
23.534
Tabla número 5
[[6, 4, 6, 6, 5], [5, -1, 10, 0], [8, 7, 7], [10, -6], [-9]]
23.534
Tabla número 6
[[4, 10, 0, 0, 0], [2, 5, 4, -8], [6, 5, 3], [-7, 0], [0]]
23.534
Tabla número 7
[[7, -8, -5, 10, 0], [3, -9, -1, -6], [-1, 4, 0], [8, -8], [0]]
23.534
Tabla número 8
[[-8, -9, -7, -5, -3], [-10, 0, 4, -1], [2, 4, 5], [-5, -1], [-2]]
23.534
Tabla número 9
[[1, 0, -8, -7, -4], [5, -2, -3, 0], [-1, 8, -5], [-3, 9], [-7]]
23.534
Tabla número 10
[[5, 2, -9, 2, -6], [9, 6, 8, 3], [6, 10, -1], [-8, -8], [-1]]
23.534
Tabla número 11
[[-10, -1, -7, 7, -1], [-9, 8, -3, 0], [7, -7, -7], [-8, -5], [-10]]
23.534
Tabla número 12
[[6, 4, 4, 3, 0], [-8, -5, -7, -6], [-2, -8, -7], [-2, -9], [5]]
23.534
Tabla número 13
[[8, 7, -8, -5, 10], [10, 4, -9, -6], [1, 7, 7], [9, -10], [-2]]
23.534
Tabla número 14
[[9, -10, 1, 8, 4], [-4, -3, 0, 8], [-10, -7, -6], [0, -8], [0]]
23.534
Tabla número 15
[[2, 6, 5, 7, -7], [1, -4, 2, 7], [0, 9, 3], [-9, -3], [8]]
23.534
Tabla número 16
[[-7, 4, 1, 1, -3], [3, 1, 6, 8], [-1, -1, -3], [-9, 7], [-1]]
23.534
Tabla número 17
[[-9, 5, 3, 10, 6], [-7, -10, -4, -3], [-10, 7, 9], [-4, 6], [-5]]
23.534
Tabla número 18
[[-3, 5, 2, 0, 2], [3, 1, 7, 0], [4, -7, -5], [7, -1], [-8]]
23.91686666666666
Tabla número 19
[[9, -4, -3, -2, -5], [2, 7, -6, -1], [-3, 1, -8], [-2, 1], [1]]
23.91686666666666
Tabla número 20
[[0, -10, -9, -6, -9], [5, 6, 9, 7], [4, -7, 0], [9, 0], [-6]]
24.249399999999998
Tabla número 21
[[-8, -5, -6, 0, -2], [3, -10, 0, -3], [10, 1, -7], [0, 6], [-3]]
25.610666666666667
Tabla número 22
[[-1, 2, 5, -7, -3], [-9, 0, 6, 5], [-6, -1, 9], [3, 10], [1]]
24.338199999999993
Tabla número 23
[[4, 8, 6, -3, -5], [-1, 9, 5, -1], [6, 0, 5], [-5, -6], [-10]]
24.168933333333335
Tabla número 24
[[4, -7, -4, 0, -2], [8, -6, 9, -9], [-2, -1, -4], [4, -1], [-2]]
24.352
Tabla número 25
[[-4, 4, 0, 10, -9], [10, 5, -3, -6], [0, 4, 4], [5, 9], [-4]]
23.91686666666666
Tabla número 26
[[-1, 6, 5, 0, 8], [-10, -3, 5, 2], [-2, 3, -7], [7, -8], [-9]]
25.4188
Tabla número 27
[[4, -3, 8, 10, 8], [1, -8, -10, 6], [4, 2, -8], [10, 9], [2]]
24.19346666666666
Tabla número 28
[[-8, -6, -1, -3, 1], [-5, -4, -10, -8], [-2, 0, -8], [-1, -4], [2]]
25.3004
Tabla número 29
[[6, -5, 6, 9, 0], [5, -3, 10, 9], [9, 2, 6], [-9, 4], [1]]
23.637666666666668
Tabla número 30
[[-2, 4, -2, -5, -9], [-9, -10, 10, -10], [5, -3, 9], [7, -1], [-4]]
24.937266666666666
Tabla número 31
[[6, 2, -8, -3, 8], [4, -6, -6, 1], [9, -8, -9], [-2, -6], [-3]]
24.635666666666665
Tabla número 32
[[4, -9, -7, 10, -7], [-5, -8, -8, -6], [-8, 3, -3], [-1, -1], [7]]
26.77486666666667
Tabla número 33
[[-2, 2, -6, -10, 10], [1, 0, 8, -5], [10, 5, -1], [9, 0], [-10]]
24.159933333333335
Tabla número 34
[[0, -6, -7, 7, -1], [-3, 3, 6, -4], [10, -3, -4], [-1, 0], [-4]]
23.534
Tabla número 35
[[-7, 1, 10, -5, -9], [6, -4, -10, 10], [-9, -8, 0], [6, 0], [-10]]
24.976333333333333
Tabla número 36
[[-2, -6, -8, 1, 5], [1, -2, 0, 0], [9, -5, -5], [-9, -5], [5]]
23.534
Tabla número 37
[[4, -1, -2, 3, 0], [-9, -4, -3, 2], [-2, -3, 10], [3, 3], [2]]
24.976333333333333
Tabla número 38
[[-4, 7, 7, 0, 10], [-7, -6, 9, -4], [-2, 7, -3], [4, 7], [-8]]
24.864133333333335
Tabla número 39
[[-5, -3, 0, -7, 4], [1, -9, 0, 7], [-6, 10, -7], [7, -4], [8]]
24.802533333333336
