Tabla número 0
[[-7, 4, 1, 1, -3], [3, 1, 6, 8], [-1, -1, -3], [-9, 7], [-1]]
23.534
Tabla número 1
[[-7, 1, 10, -5, -9], [6, -4, -10, 10], [-9, -8, 0], [6, 0], [-10]]
24.784333333333336
Tabla número 2
[[0, -10, -6, -6, -9], [3, 6, 0, -3], [4, 1, -7], [9, 0], [-3]]
23.534
Tabla número 3
[[5, 2, 7, 2, 4], [9, 6, 9, -4], [-2, 10, -7], [7, -4], [8]]
23.534
Tabla número 4
[[-5, 10, -7, 0, 1], [-5, -3, 5, -5], [-6, -1, -9], [0, -1], [-7]]
23.534
Tabla número 5
[[0, 6, 8, 7, -1], [-3, -8, 6, -4], [-2, -3, -4], [7, -8], [2]]
23.534
Tabla número 6
[[-2, 2, 0, -5, 8], [2, -10, 4, -10], [5, 5, -9], [-2, -6], [-3]]
24.24233333333333
Tabla número 7
[[4, -9, -7, 10, 10], [-5, 0, 8, -5], [10, 3, -1], [9, 0], [7]]
23.534
Tabla número 8
[[-2, -3, -8, 0, 10], [1, -6, 0, 0], [-6, 7, -5], [4, 7], [-8]]
23.534
Tabla número 9
[[1, 1, 9, -8, 7], [7, -8, 9, 5], [-10, -10, 1], [-8, 9], [-7]]
23.534
Tabla número 10
[[4, 2, -4, 0, -3], [8, 9, 9, -9], [-6, -1, 9], [4, -6], [-2]]
23.534
Tabla número 11
[[-8, -9, -7, -5, -3], [-10, 0, 4, -1], [2, 4, 5], [-5, -1], [-2]]
23.534
Tabla número 12
[[4, 8, 5, -3, -7], [-1, -4, 2, -1], [6, -1, 3], [3, 10], [8]]
23.534
Tabla número 13
[[6, 4, -2, -3, -9], [4, -6, 10, 1], [9, -3, 9], [7, -1], [-4]]
23.534
Tabla número 14
[[4, 8, -3, -7, -9], [9, 3, -9, -7], [-6, 1, 5], [9, 8], [-2]]
23.534
Tabla número 15
[[-2, 2, -6, -10, -7], [1, -8, -8, -6], [-8, 5, -3], [-1, -1], [-10]]
23.534
Tabla número 16
[[6, 4, 4, 3, 0], [-8, -5, -7, -6], [-2, -8, -7], [-2, -9], [5]]
23.534
Tabla número 17
[[6, 4, -2, 6, 5], [5, -1, 4, -4], [8, 7, 10], [10, -8], [-9]]
23.534
Tabla número 18
[[6, -6, 6, 9, 1], [-5, -3, 10, -8], [-2, 0, 6], [-9, -4], [2]]
23.534
Tabla número 19
[[2, 6, 6, 7, -5], [1, 0, 5, 7], [0, 9, 5], [-9, -3], [1]]
23.534
Tabla número 20
[[8, 7, -8, -5, 10], [10, 4, -9, -6], [1, 7, 7], [9, -10], [-2]]
23.534
Tabla número 21
[[4, -3, 1, 8, 8], [-4, -3, 0, 6], [-10, -7, -7], [0, -8], [-9]]
25.762133333333335
Tabla número 22
[[9, -4, -3, -2, -5], [2, 7, -6, -1], [-3, 1, -8], [-2, 1], [1]]
25.948333333333334
Tabla número 23
[[2, 3, 6, 4, -10], [4, 9, 5, 0], [-8, 7, 7], [-7, -6], [6]]
25.18173333333334
Tabla número 24
[[7, -8, -5, 10, 0], [3, -9, -1, -6], [-1, 4, 0], [8, -8], [0]]
25.73273333333333
Tabla número 25
[[-9, 5, 3, 10, 6], [-7, -10, -4, -3], [-10, 7, 9], [-4, 6], [-5]]
25.807200000000005
Tabla número 26
[[4, 10, -8, 0, 0], [-9, 5, -6, -8], [6, -8, 3], [-7, 0], [0]]
25.874533333333336
Tabla número 27
[[4, 0, -8, -7, -4], [5, -2, -3, 0], [-1, 8, -5], [3, 9], [-7]]
23.534
Tabla número 28
[[9, -10, 5, 0, 4], [1, -3, 5, 8], [4, 3, -6], [10, 9], [0]]
23.91686666666666
Tabla número 29
[[-4, 4, 0, 10, -9], [10, 5, -3, -6], [0, 4, 4], [5, 9], [-4]]
24.428400000000007
Tabla número 30
[[-3, 5, 2, 0, 2], [3, 1, 7, 0], [4, -7, -5], [7, -1], [-8]]
24.634000000000004
Tabla número 31
[[1, -1, -2, 3, 0], [-9, -4, -3, 2], [-2, -3, 10], [-3, 3], [2]]
24.976333333333333
Tabla número 32
[[-8, -5, -9, 0, -2], [5, -10, 9, 7], [10, -7, 0], [0, 6], [-6]]
25.137733333333326
Tabla número 33
[[-1, -7, 5, -7, -2], [-9, -6, 6, 5], [-2, 0, -4], [-5, -1], [-10]]
24.28233333333333
Tabla número 34
[[4, 3, -1, -1, 10], [3, -8, 6, 5], [6, 0, -7], [0, -5], [-3]]
23.878133333333334
Tabla número 35
[[-10, -1, -7, 7, -1], [-9, 8, -3, 0], [7, -7, -7], [-8, -5], [-10]]
26.07566666666667
Tabla número 36
[[-4, -6, 0, 1, 5], [1, -2, 0, 7], [9, -5, -3], [-9, -5], [5]]
23.534
Tabla número 37
[[-5, 7, -9, -7, -6], [-7, -9, 8, 3], [6, 10, -1], [-8, -8], [-1]]
23.534
Tabla número 38
[[-1, -6, -7, 10, 8], [-10, 3, -10, 2], [10, 2, -8], [-1, 0], [-4]]
25.0514
Tabla número 39
[[-8, -5, -1, -3, 0], [5, -4, -10, 9], [9, 2, -8], [-1, 4], [1]]
24.48173333333334
