Tabla número 0
[[4, -8, 6, 6, 6], [-9, 1, 2, -8], [10, 9, -6], [-8, -4], [-10]]
23.325466666666664
Tabla número 1
[[4, -9, -9, 4, 10], [4, 1, -6, 5], [4, 7, 10], [-9, 2], [5]]
25.04253333333333
Tabla número 2
[[5, 4, -6, -7, -9], [7, -8, -8, -10], [-1, -8, 9], [8, -8], [-10]]
23.87666666666667
Tabla número 3
[[-2, 6, 1, 0, -2], [-3, 5, -1, 8], [8, 3, 8], [7, -1], [-2]]
23.325466666666664
Tabla número 4
[[-8, 2, -8, -3, 4], [3, 0, -10, 9], [-10, 1, -5], [-7, 4], [-10]]
23.325466666666664
Tabla número 5
[[7, -10, -8, 9, 5], [-7, 0, 1, -1], [-1, 5, 4], [10, 0], [-6]]
23.325466666666664
Tabla número 6
[[1, 4, 4, 10, 0], [2, 9, -9, 2], [-10, -1, -7], [9, -6], [-9]]
23.325466666666664
Tabla número 7
[[4, -6, -3, -8, 1], [-9, -3, 0, 2], [2, -7, 0], [-3, 8], [8]]
23.325466666666664
Tabla número 8
[[-8, 8, 6, 10, 0], [-8, 6, 4, -6], [-2, -5, -7], [0, -1], [-10]]
23.325466666666664
Tabla número 9
[[10, 4, 0, 1, 10], [-10, -3, -3, 10], [-3, -7, 5], [-1, 9], [5]]
23.325466666666664
Tabla número 10
[[-10, -3, 5, 7, -9], [7, 8, -9, 0], [7, 7, -9], [6, 0], [1]]
23.325466666666664
Tabla número 11
[[-9, 4, -2, 1, 4], [-5, -8, 10, 1], [4, 9, 10], [0, -8], [2]]
23.325466666666664
Tabla número 12
[[9, -7, 0, 0, -9], [-5, -9, -2, -3], [-2, -10, -7], [-6, -8], [-2]]
23.325466666666664
Tabla número 13
[[-3, 1, 6, 7, -9], [7, -9, -3, 8], [6, -4, 2], [10, -8], [-2]]
23.325466666666664
Tabla número 14
[[4, -1, -7, 10, -1], [5, 4, 9, 0], [-2, -8, -3], [10, 6], [7]]
23.325466666666664
Tabla número 15
[[4, -1, 3, 0, 7], [5, -7, 5, 2], [-8, 7, -8], [-9, 0], [9]]
23.325466666666664
Tabla número 16
[[-2, -10, 7, -5, -6], [1, -6, -10, -1], [6, 4, -3], [9, -1], [1]]
23.325466666666664
Tabla número 17
[[2, 7, -1, 8, -3], [1, -6, 8, 5], [-1, 3, 6], [2, -3], [-4]]
23.325466666666664
Tabla número 18
[[-5, -4, -4, -10, 8], [5, -2, -3, 7], [2, 0, -6], [-4, 7], [-10]]
23.325466666666664
Tabla número 19
[[0, 4, 8, -10, -9], [-5, -3, -10, 9], [10, 1, 7], [-7, -10], [-7]]
25.991599999999995
Tabla número 20
[[4, -6, -7, -5, -3], [6, -10, -9, -4], [-2, -3, 1], [2, 5], [-3]]
24.846533333333333
Tabla número 21
[[6, 3, -2, 0, -2], [-3, -8, 8, -1], [9, -8, 3], [9, 10], [2]]
23.74486666666666
Tabla número 22
[[3, 5, -8, 1, 8], [10, 7, 6, 0], [0, 10, -7], [-4, 0], [0]]
25.166199999999996
Tabla número 23
[[4, -5, -8, -5, 10], [-7, 3, 4, -6], [-2, -3, -3], [-9, -7], [-4]]
24.9002
Tabla número 24
[[6, 10, -9, -5, 0], [-4, -2, 1, -4], [1, 8, 7], [9, 0], [-9]]
24.220800000000004
Tabla número 25
[[6, 2, 5, -3, -7], [3, -10, -3, -5], [2, -1, -7], [7, -5], [-5]]
27.382800000000007
Tabla número 26
[[-7, -4, -7, 7, 5], [5, 9, -6, -8], [5, 2, 5], [-2, -1], [-7]]
25.991599999999995
Tabla número 27
[[-4, 2, 6, -7, 0], [1, -5, -7, -7], [10, -5, -7], [1, -6], [-4]]
24.841866666666668
Tabla número 28
[[2, 7, -2, -7, -1], [3, -10, 0, 7], [-10, 1, 3], [3, -5], [2]]
24.171533333333333
Tabla número 29
[[-5, 0, 5, -7, -7], [-9, 0, 4, 5], [6, 5, -9], [5, -4], [7]]
25.18973333333333
Tabla número 30
[[-8, 2, 0, 0, -3], [-1, -8, 10, -4], [9, -7, 0], [6, 9], [5]]
23.73786666666667
Tabla número 31
[[9, -5, 0, 0, -5], [1, -10, 9, 0], [-6, -3, -6], [7, 9], [-10]]
24.303000000000004
Tabla número 32
[[0, 10, -7, -8, 8], [1, -1, 0, 3], [-6, 0, -8], [-2, -9], [3]]
23.325466666666664
Tabla número 33
[[2, -9, -2, -6, 10], [9, -6, 5, -3], [-6, 0, -4], [7, -8], [-10]]
23.325466666666664
Tabla número 34
[[1, 4, 9, 0, 1], [-9, -8, 8, -7], [4, 4, 0], [0, 3], [-4]]
25.490466666666666
Tabla número 35
[[6, 3, -7, -3, 2], [3, -2, 6, -9], [-2, 2, -5], [-1, 0], [2]]
25.76453333333333
Tabla número 36
[[-8, -6, -6, -7, -5], [2, -4, 9, -6], [-8, 7, -1], [-8, 9], [-8]]
23.325466666666664
Tabla número 37
[[-5, -3, -5, 10, -10], [10, 3, 7, 7], [-9, -4, -1], [-8, 9], [1]]
23.325466666666664
Tabla número 38
[[-4, 1, 2, -5, 0], [-1, -5, -10, -5], [8, 7, -8], [4, 7], [8]]
25.77646666666667
Tabla número 39
[[-2, 6, -1, 0, -4], [3, 5, -4, 6], [-3, -7, -5], [-5, -1], [0]]
25.37166666666667
