Tabla número 0
[[5, 2, -6, 0, 8], [10, -6, 6, 8], [4, -4, -1], [8, -4], [-4]]
23.534
Tabla número 1
[[-2, -10, -5, -5, -2], [5, -8, 0, -6], [6, 2, 5], [0, -1], [-1]]
23.534
Tabla número 2
[[-5, 4, -8, 10, 10], [1, -10, -6, 0], [-2, 9, 10], [0, -6], [-8]]
23.534
Tabla número 3
[[4, 4, -1, -5, 5], [-7, 3, -3, 7], [4, 3, -4], [-5, -6], [-5]]
23.534
Tabla número 4
[[8, -3, -7, -3, -9], [3, 0, -6, -1], [-6, -8, -4], [-9, 9], [-8]]
23.534
Tabla número 5
[[0, 2, -8, 1, -3], [1, -5, 6, 7], [4, -8, -8], [7, 7], [8]]
23.534
Tabla número 6
[[4, 10, 6, -7, 10], [3, -6, 10, 5], [-1, -3, 6], [5, 9], [1]]
23.534
Tabla número 7
[[1, -6, -4, 7, -10], [5, -9, 5, -2], [-8, -1, 0], [4, -5], [0]]
23.534
Tabla número 8
[[-8, 8, -7, -3, 8], [-1, 3, 9, -5], [6, -7, 5], [3, 3], [0]]
23.534
Tabla número 9
[[-3, 7, -2, -7, -9], [4, 5, -3, 3], [-2, 1, -7], [9, -5], [8]]
23.534
Tabla número 10
[[6, 3, 5, 7, 10], [5, -6, 10, 10], [10, 4, -7], [0, 0], [-3]]
23.534
Tabla número 11
[[4, -9, -9, -2, 2], [3, 9, 5, -6], [-1, 7, -7], [-1, 0], [-2]]
23.534
Tabla número 12
[[7, 9, 1, 10, 0], [-5, -4, 4, 0], [-2, 5, 9], [3, -10], [0]]
23.534
Tabla número 13
[[0, 1, -7, -10, 5], [6, 5, 6, -10], [6, 4, -3], [-2, -8], [1]]
23.534
Tabla número 14
[[9, -6, 8, -5, -3], [1, -10, -1, 0], [-6, 3, 4], [-3, 0], [7]]
23.534
Tabla número 15
[[9, -7, 9, 3, -10], [-9, -9, 5, 5], [-10, -8, 1], [-5, 8], [-9]]
23.534
Tabla número 16
[[4, 4, -7, 0, -9], [10, 6, -10, 9], [9, -3, -3], [10, -1], [-4]]
23.534
Tabla número 17
[[-2, 9, -2, -1, 5], [-5, -9, 0, 1], [-6, 7, -7], [-1, 6], [-1]]
23.534
Tabla número 18
[[2, -5, 7, 4, -6], [2, 6, 4, -5], [-1, 0, 7], [-8, 0], [0]]
23.534
Tabla número 19
[[2, 2, 0, 8, 0], [-10, -4, -9, -8], [10, -5, 3], [9, -1], [10]]
23.534
Tabla número 20
[[4, -5, -1, 0, -5], [10, 7, 8, -8], [-8, -1, 5], [-8, 10], [-6]]
23.534
Tabla número 21
[[6, -4, 6, 7, 6], [9, -3, 0, -10], [9, -7, -9], [-1, -8], [5]]
26.725600000000004
Tabla número 22
[[-8, 1, 10, -5, 7], [6, -8, -10, 7], [-2, 8, -9], [-5, -5], [-10]]
24.839000000000002
Tabla número 23
[[-1, 7, 5, 6, -2], [-9, 1, 4, 10], [0, -1, 0], [4, -3], [-10]]
24.423799999999996
Tabla número 24
[[4, 2, -8, -7, 10], [-9, -8, 5, 6], [-6, -3, 9], [-9, 0], [8]]
24.56106666666666
Tabla número 25
[[-7, 4, 0, 0, -7], [-5, -3, 9, 0], [9, 5, -1], [9, 7], [-6]]
24.109466666666666
Tabla número 26
[[6, 5, 4, 10, -9], [-10, 0, 7, -2], [10, -1, 9], [-2, 0], [6]]
25.069599999999994
Tabla número 27
[[-4, 4, -9, 2, 1], [-3, 9, 2, -7], [-1, 7, -8], [-9, -6], [-7]]
25.333199999999998
Tabla número 28
[[-8, 10, 2, -8, 4], [1, -6, -4, 5], [5, -7, -3], [7, -8], [-3]]
24.496666666666663
Tabla número 29
[[-2, 6, -3, -3, 8], [4, 4, -6, 6], [4, 2, 3], [8, -8], [-10]]
24.47873333333333
Tabla número 30
[[4, -3, -8, 10, 0], [2, -3, 9, -4], [-8, 1, -5], [-8, 3], [-6]]
24.414800000000003
Tabla número 31
[[-4, 6, 5, 9, -9], [0, -1, -10, 2], [-9, 10, 3], [8, -1], [-10]]
24.80106666666667
Tabla número 32
[[-1, -6, 0, 10, -1], [-7, -8, 6, -4], [-3, -3, 10], [-8, -1], [2]]
24.009399999999996
Tabla número 33
[[1, 0, -7, -6, -3], [3, 0, 9, -6], [-10, -4, -7], [-9, -8], [-2]]
24.18726666666667
Tabla número 34
[[-9, -10, -3, 0, -5], [-8, 0, 4, -3], [3, 4, 5], [-2, -4], [-3]]
24.607133333333326
Tabla número 35
[[-7, -9, 1, -7, 0], [-4, -4, -3, 2], [-2, 10, 7], [0, -9], [-7]]
23.887533333333334
Tabla número 36
[[4, 3, 5, 1, -4], [3, -9, 0, -1], [1, 0, 0], [9, -1], [-10]]
23.534
Tabla número 37
[[-10, 5, 5, 0, -7], [-9, 8, -9, -4], [7, 5, -5], [0, 6], [-4]]
25.51813333333333
Tabla número 38
[[6, 8, 3, 3, -1], [8, -4, -7, 8], [-2, -8, -6], [6, 4], [-10]]
23.643266666666666
Tabla número 39
[[-5, -1, -6, 0, 1], [5, -2, 8, -3], [5, 7, -7], [10, 9], [-7]]
24.21366666666667
