Tabla número 0
[[-7, -4, -7, 7, 5], [5, 9, -6, -8], [5, 2, 5], [-2, -1], [-7]]
25.991599999999995
Tabla número 1
[[-4, 1, 2, -5, 0], [-1, 5, -10, 6], [8, -7, -5], [4, -1], [8]]
23.325466666666664
Tabla número 2
[[-3, 1, 6, 7, -9], [7, -9, -3, 8], [6, -4, 2], [10, -8], [-2]]
23.325466666666664
Tabla número 3
[[2, 7, 5, -7, -1], [-9, 0, 4, 7], [6, 5, 3], [3, -4], [7]]
23.325466666666664
Tabla número 4
[[-2, -10, 7, -5, -6], [1, -6, -10, -1], [6, 4, -3], [9, -1], [1]]
23.325466666666664
Tabla número 5
[[-5, -3, -5, 10, -10], [10, 3, 7, 7], [-9, -4, -1], [-8, 9], [1]]
23.325466666666664
Tabla número 6
[[4, 3, -2, 0, -2], [-3, -10, -9, -1], [9, -3, 1], [2, 10], [2]]
23.325466666666664
Tabla número 7
[[4, -1, 3, 0, 7], [5, -7, 5, 2], [-8, 7, -8], [-9, 0], [9]]
23.325466666666664
Tabla número 8
[[2, 7, -1, 8, -3], [1, -6, 8, 5], [-1, 3, 6], [2, -3], [-4]]
23.325466666666664
Tabla número 9
[[-10, -3, 5, 7, -9], [7, 8, -9, 0], [7, 7, -9], [6, 0], [1]]
23.325466666666664
Tabla número 10
[[4, -6, -3, -8, 1], [-9, -3, 0, 2], [2, -7, 0], [-3, 8], [8]]
23.325466666666664
Tabla número 11
[[-8, 2, -8, -3, 4], [3, 0, -10, 9], [-10, 1, -5], [-7, 4], [-10]]
23.325466666666664
Tabla número 12
[[9, -5, 0, 0, -3], [1, -8, 9, 0], [-6, -3, 0], [6, 9], [-10]]
23.43086666666667
Tabla número 13
[[6, 10, -9, -5, -7], [3, -2, -3, -5], [1, -1, 7], [7, 0], [-9]]
23.325466666666664
Tabla número 14
[[4, -5, -8, 1, 8], [-7, 3, 6, -6], [0, 10, -3], [-4, 0], [-4]]
23.325466666666664
Tabla número 15
[[4, -8, 6, 6, 6], [-9, 1, 2, -8], [10, 9, -6], [-8, -4], [-10]]
23.325466666666664
Tabla número 16
[[6, 2, 5, -3, 0], [-4, -10, 1, -4], [2, 8, -7], [9, -5], [-5]]
23.325466666666664
Tabla número 17
[[2, -9, -2, -6, 10], [9, -6, 5, -3], [-6, 0, -4], [7, -8], [-10]]
23.325466666666664
Tabla número 18
[[-2, 6, 1, 0, -2], [-3, 5, -1, 8], [8, 3, 8], [7, -1], [-2]]
23.325466666666664
Tabla número 19
[[0, 10, -7, -8, 8], [1, -1, 0, 3], [-6, 0, -8], [-2, -9], [3]]
23.43086666666667
Tabla número 20
[[0, 4, 8, -10, -9], [-5, -3, -10, 9], [10, 1, 7], [-7, -10], [-7]]
24.309399999999997
Tabla número 21
[[9, -7, 0, 0, -9], [-5, -9, -2, -3], [-2, -10, -7], [-6, -8], [-2]]
27.60666666666667
Tabla número 22
[[-8, 2, 0, 0, -5], [-1, -10, 10, -4], [9, -7, -6], [7, 9], [5]]
25.154133333333334
Tabla número 23
[[1, 4, 4, 10, 0], [2, 9, -9, 2], [-10, -1, -7], [9, -6], [-9]]
24.841866666666668
Tabla número 24
[[4, -1, -7, 10, -1], [5, 4, 9, 0], [-2, -8, -3], [10, 6], [7]]
25.07006666666667
Tabla número 25
[[10, 4, 0, 1, 10], [-10, -3, -3, 10], [-3, -7, 5], [-1, 9], [5]]
23.87666666666667
Tabla número 26
[[-5, -4, -4, -10, 8], [5, -2, -3, 7], [2, 0, -6], [-4, 7], [-10]]
23.7766
Tabla número 27
[[5, 4, -6, -7, -9], [7, -8, -8, -10], [-1, -8, 9], [8, -8], [-10]]
26.058666666666667
Tabla número 28
[[-8, 8, 6, 10, 0], [-8, 6, 4, -6], [-2, -5, -7], [0, -1], [-10]]
23.43086666666667
Tabla número 29
[[-8, -6, -6, -7, -5], [2, -4, 9, -6], [-8, 7, -1], [-8, 9], [-8]]
23.325466666666664
Tabla número 30
[[6, 3, -7, -3, 2], [3, -2, 6, -9], [4, 2, 0], [0, 3], [-4]]
25.169133333333328
Tabla número 31
[[-2, 6, -1, 0, -4], [3, -5, -4, -5], [-3, 7, -8], [-5, 7], [0]]
25.3862
Tabla número 32
[[1, 4, 9, 0, 1], [-9, -8, 8, -7], [-2, 4, -5], [-1, 0], [2]]
25.193266666666663
Tabla número 33
[[3, 5, -8, -5, 10], [10, 7, 4, 0], [-2, -3, -7], [-9, -7], [0]]
24.498333333333335
Tabla número 34
[[-4, 2, 6, -7, 0], [1, -5, -7, -7], [10, -5, -7], [1, -6], [-4]]
26.093933333333332
Tabla número 35
[[-9, 4, -2, 1, 4], [-5, -8, 10, 1], [4, 9, 10], [0, -8], [2]]
25.04253333333333
Tabla número 36
[[-5, 0, -2, -7, -7], [3, -10, 0, 5], [-10, 1, -9], [5, -5], [2]]
24.19213333333333
Tabla número 37
[[4, -9, -9, 4, 10], [4, 1, -6, 5], [4, 7, 10], [-9, 2], [5]]
25.097399999999997
Tabla número 38
[[6, -6, -7, -5, -3], [6, -8, 8, -4], [-2, -8, 3], [9, 5], [-3]]
23.43086666666667
Tabla número 39
[[7, -10, -8, 9, 5], [-7, 0, 1, -1], [-1, 5, 4], [10, 0], [-6]]
23.43086666666667
