Tabla número 0
[[-4, -6, 5, -5, 1], [3, -8, -6, -9], [-2, 1, -9], [4, -1], [3]]
23.534
Tabla número 1
[[4, 1, 3, -5, -9], [7, 3, -10, -10], [9, -1, -7], [-5, 0], [2]]
23.534
Tabla número 2
[[-8, -5, 5, 0, -6], [-10, -3, -8, -7], [1, -8, 10], [8, 3], [-7]]
23.534
Tabla número 3
[[9, -4, 7, -2, 8], [10, -6, -10, 0], [10, -10, 1], [10, 6], [-2]]
23.534
Tabla número 4
[[-2, -6, -1, 4, -5], [1, -8, -3, -6], [-1, -7, 3], [-4, 0], [-10]]
24.389466666666667
Tabla número 5
[[-5, -1, -9, 0, 5], [7, -9, 9, 2], [10, 4, -1], [10, 10], [-4]]
23.534
Tabla número 6
[[0, 1, -7, 6, 6], [-3, 1, -1, 6], [-6, -1, -8], [9, -1], [8]]
23.534
Tabla número 7
[[4, 2, 4, 8, 8], [-10, 5, 5, -5], [0, -8, -3], [0, -6], [5]]
23.534
Tabla número 8
[[8, 3, 0, 10, -1], [3, 3, -9, 0], [4, 3, 10], [-7, 9], [-10]]
23.534
Tabla número 9
[[9, 2, 1, 9, 1], [-5, -6, 10, 8], [2, 7, -3], [1, 4], [1]]
23.534
Tabla número 10
[[2, -10, 2, -8, -9], [5, -10, 1, 5], [-10, 4, 3], [-3, 0], [-3]]
23.534
Tabla número 11
[[0, 4, -5, -7, -9], [-7, -9, 9, 7], [2, -1, -5], [10, -8], [-7]]
23.534
Tabla número 12
[[-10, -9, -7, 7, 0], [3, -4, -9, -6], [8, -8, 7], [-8, -1], [-10]]
23.534
Tabla número 13
[[1, -8, -4, 0, 4], [-9, -8, -7, 8], [-1, -3, 7], [-2, 8], [-2]]
23.534
Tabla número 14
[[-8, 2, -6, -7, 0], [10, 0, 5, 5], [-8, 9, -7], [9, -8], [-2]]
23.534
Tabla número 15
[[5, 8, 0, -5, 2], [2, -2, -4, 0], [-3, 3, 5], [-9, -4], [5]]
23.534
Tabla número 16
[[1, 7, -7, -3, 5], [1, 4, 10, -3], [-2, -7, 7], [-5, 8], [0]]
23.534
Tabla número 17
[[7, -3, 9, 0, -3], [3, -10, 6, -1], [-10, -3, -7], [-8, -1], [-8]]
23.534
Tabla número 18
[[-1, 6, 6, 10, -10], [-7, 6, 4, -3], [-2, -5, -3], [0, 7], [-6]]
23.534
Tabla número 19
[[-5, -10, -7, -8, -7], [-1, 5, -9, 3], [-9, 1, -9], [5, 0], [1]]
23.534
Tabla número 20
[[-7, -5, -2, -3, 10], [4, -3, 0, -1], [-6, 7, 0], [-9, -10], [5]]
24.974933333333333
Tabla número 21
[[4, 4, 8, 1, -3], [3, 0, 9, 0], [-1, 0, -7], [-1, -3], [-4]]
24.430866666666667
Tabla número 22
[[4, -7, -8, 7, 0], [-4, -10, 9, -4], [2, 7, -5], [9, 9], [-9]]
26.360400000000006
Tabla número 23
[[6, -6, -8, 7, -9], [5, -10, -3, 10], [-2, 2, 9], [-1, -9], [-6]]
24.68906666666667
Tabla número 24
[[2, 2, -8, 10, -5], [-9, -8, 2, 5], [-8, 7, -1], [2, -8], [-1]]
25.095399999999998
Tabla número 25
[[4, 4, -2, -10, -9], [-5, -3, -10, -4], [10, 0, 6], [7, 9], [-10]]
23.534
Tabla número 26
[[2, -1, -6, 0, 0], [-8, 0, 4, -6], [-2, 5, -7], [3, -1], [7]]
26.842533333333332
Tabla número 27
[[-5, 5, -9, -7, -4], [-1, 8, -3, -5], [4, 10, -8], [7, -6], [2]]
26.288333333333334
Tabla número 28
[[-3, -4, -8, 10, 8], [-5, -4, -3, -8], [6, -7, -5], [-7, 9], [0]]
23.795
Tabla número 29
[[3, 7, 0, 0, 0], [-3, -2, 6, 7], [6, 1, 0], [7, 0], [8]]
23.534
Tabla número 30
[[-8, 4, 5, -7, -1], [5, 7, 8, 2], [-3, -1, -6], [7, -4], [-8]]
24.955066666666667
Tabla número 31
[[-9, 6, 6, -1, 10], [9, -8, -6, -8], [7, 7, 4], [-2, -8], [-3]]
25.039066666666667
Tabla número 32
[[6, 0, 0, 10, -7], [6, -5, 8, -6], [9, -7, -8], [9, -5], [-10]]
25.98773333333333
Tabla número 33
[[6, 10, 10, -6, -3], [-9, -2, 4, -4], [6, 0, 9], [0, -6], [-4]]
24.858600000000003
Tabla número 34
[[6, -9, -3, -3, -2], [1, 6, 7, -7], [8, 8, -7], [5, -8], [7]]
25.4458
Tabla número 35
[[-2, 4, -1, -10, 4], [1, -1, 0, -6], [4, -5, 2], [-8, -5], [-9]]
25.275333333333332
Tabla número 36
[[-4, 3, -3, 0, 10], [2, 9, 8, 9], [-2, 2, 5], [4, 7], [1]]
24.964066666666668
Tabla número 37
[[4, 10, -7, 0, 10], [9, 1, 10, 7], [-6, 7, 0], [6, 1], [-2]]
24.416600000000003
Tabla número 38
[[-2, -3, 6, 1, -2], [-9, 9, 6, 0], [-10, 4, -4], [5, 6], [-9]]
24.113533333333336
Tabla número 39
[[4, 4, -2, -5, 7], [5, -6, 0, 1], [5, 5, -6], [-9, 7], [8]]
24.9218
