Tabla número 0
[[-1, 6, -2, -3, -10], [4, -3, 4, -3], [-2, -5, -8], [0, -5], [-6]]
23.534
Tabla número 1
[[6, 3, -3, -10, -2], [1, 9, 0, 5], [1, 2, -8], [9, 1], [1]]
23.534
Tabla número 2
[[4, 1, 3, -5, -9], [7, 3, -10, -10], [9, -1, -7], [-5, 0], [2]]
23.534
Tabla número 3
[[0, -5, 5, 6, 6], [-10, -3, -1, 6], [-6, -1, 10], [8, 3], [-7]]
23.534
Tabla número 4
[[-4, 10, -3, 0, 10], [2, 1, 8, 9], [-6, 7, 5], [6, 7], [-2]]
23.534
Tabla número 5
[[-8, -1, 0, -5, 2], [-3, -8, 5, 0], [-3, 9, 5], [-8, -5], [5]]
23.534
Tabla número 6
[[9, 2, 4, 9, 8], [-10, -6, 5, 8], [2, -8, -3], [0, -6], [1]]
23.534
Tabla número 7
[[2, 4, -5, 10, -9], [-7, -9, 9, 5], [-6, 7, -5], [10, -8], [-7]]
23.534
Tabla número 8
[[9, -4, 6, -1, 8], [10, 7, -10, 2], [10, 7, -6], [-2, -8], [-3]]
23.534
Tabla número 9
[[-3, -4, -8, 10, 8], [-5, -4, -3, -8], [6, -7, -5], [-7, 9], [0]]
23.534
Tabla número 10
[[-4, -6, 5, -5, 1], [3, -8, -6, -9], [-2, 1, -9], [4, -1], [3]]
23.534
Tabla número 11
[[1, -8, -4, 0, 4], [-9, -8, -7, 8], [-1, -3, -4], [-2, 8], [-2]]
23.534
Tabla número 12
[[-2, 4, -2, 4, -9], [1, -3, -10, -6], [10, -7, 6], [7, -1], [6]]
23.534
Tabla número 13
[[8, -10, 0, 10, -7], [3, 3, -9, 0], [4, 3, 10], [5, 0], [-10]]
23.534
Tabla número 14
[[-8, 4, 7, -2, -1], [5, -6, 8, 0], [7, -10, 1], [10, 6], [-2]]
23.534
Tabla número 15
[[4, -9, -7, 0, -6], [-3, 6, 10, -7], [4, -5, -7], [9, -8], [-2]]
23.534
Tabla número 16
[[3, 7, 0, -7, -5], [-8, -2, 6, -6], [6, 1, -7], [7, 0], [2]]
23.534
Tabla número 17
[[-5, -1, -9, 0, 5], [7, -9, 9, 2], [10, 4, -1], [10, 10], [-4]]
23.534
Tabla número 18
[[4, 6, -1, -10, -4], [-5, -8, -3, -8], [5, -1, 3], [7, 9], [-8]]
23.534
Tabla número 19
[[4, 10, 10, 1, -7], [1, -10, 4, 10], [6, 7, 9], [-9, -8], [-9]]
23.534
Tabla número 20
[[-9, 2, 5, -7, 10], [9, 8, 9, -4], [2, 0, -1], [7, -8], [5]]
24.626600000000003
Tabla número 21
[[1, 7, 9, -3, 5], [3, -10, 6, -1], [-2, -3, 7], [-8, 8], [-8]]
24.35953333333333
Tabla número 22
[[-2, -10, -2, 3, 7], [-9, -6, 0, 5], [-10, 5, 3], [5, 0], [-3]]
25.094333333333335
Tabla número 23
[[-8, -7, -8, 7, 10], [-4, 1, 9, 7], [2, -8, -5], [4, -9], [8]]
25.354933333333335
Tabla número 24
[[0, -6, 8, -7, -3], [3, 0, -6, 7], [4, -1, 4], [2, -4], [-10]]
25.098266666666667
Tabla número 25
[[-7, 4, -8, 1, -5], [-9, -3, 2, -1], [-8, 7, -7], [-9, -3], [-1]]
25.564533333333333
Tabla número 26
[[-2, 4, 6, 10, -2], [-9, -1, -3, -6], [-2, 0, 2], [0, 7], [-5]]
25.441600000000005
Tabla número 27
[[4, -6, -7, 7, -9], [5, 5, 6, 3], [-9, 4, -4], [9, 9], [1]]
24.151733333333333
Tabla número 28
[[2, -3, 2, -5, -9], [5, -10, 0, 0], [-10, 4, -6], [-3, 6], [-9]]
24.83133333333333
Tabla número 29
[[-10, 5, -7, 7, 0], [3, 0, 4, -6], [8, -8, -8], [3, -6], [7]]
24.646133333333335
Tabla número 30
[[4, 2, 1, 8, 1], [-5, 5, 10, -5], [0, 5, 7], [-8, -1], [5]]
25.305
Tabla número 31
[[2, -9, -9, 0, 0], [-1, -4, -9, -5], [-2, 7, -3], [1, 4], [-10]]
26.57726666666667
Tabla número 32
[[6, -5, 6, 10, 10], [-7, 6, 0, 0], [-1, 0, -3], [-1, 7], [-10]]
23.534
Tabla número 33
[[-5, 8, -6, 0, 0], [2, -2, -4, 7], [-1, 10, 0], [-9, -4], [8]]
24.51106666666667
Tabla número 34
[[-5, 3, -8, -8, -1], [-1, 9, -9, 1], [5, 1, -9], [-7, 9], [8]]
23.534
Tabla número 35
[[6, 4, -1, -3, 4], [5, -5, 7, -7], [8, 8, 9], [5, -6], [-4]]
23.534
Tabla número 36
[[5, 2, -6, -7, 0], [10, 0, -3, -6], [-8, 3, -7], [-4, 0], [7]]
25.432600000000004
Tabla número 37
[[4, 0, 0, -6, -3], [6, -2, 8, -4], [9, -7, 0], [9, -10], [-4]]
25.020733333333336
Tabla número 38
[[7, -3, -7, 0, -3], [1, 4, 10, -3], [-10, -7, -7], [-5, -1], [0]]
23.534
Tabla número 39
[[6, 1, -7, 0, 0], [9, -10, -8, -4], [-2, 2, 0], [-1, -1], [-1]]
25.923800000000004
