Tabla número 0
[[-2, 6, -6, 0, 0], [5, -4, -3, -3], [-2, 1, 7], [7, 6], [1]]
23.534
Tabla número 1
[[6, 2, -8, -3, 8], [4, -6, -6, 1], [9, -8, -9], [2, -6], [-3]]
23.534
Tabla número 2
[[2, 3, -2, 4, -10], [10, 9, 4, -6], [1, 7, 10], [9, -8], [6]]
24.244933333333336
Tabla número 3
[[-8, -3, -1, 1, 10], [3, 0, 6, 0], [6, 0, -7], [0, -6], [-9]]
25.125733333333336
Tabla número 4
[[6, -7, -7, 0, 1], [-5, -5, 9, -9], [-6, -1, -4], [4, -1], [-2]]
23.534
Tabla número 5
[[-4, -6, 0, 10, 1], [3, 1, -3, -8], [0, 0, 4], [7, -4], [8]]
23.534
Tabla número 6
[[4, -9, 5, -5, -9], [5, -1, 6, 0], [8, -8, -7], [-8, -1], [-9]]
23.534
Tabla número 7
[[-3, -4, -8, 10, -7], [-5, -4, -3, 0], [6, 3, -5], [5, 9], [0]]
24.1264
Tabla número 8
[[2, 6, -7, 2, -7], [-3, 6, 8, -4], [6, 9, -1], [-5, -8], [-2]]
23.534
Tabla número 9
[[0, 2, -9, 7, 6], [-10, 3, 9, -3], [10, 4, 0], [-4, 0], [-4]]
23.534
Tabla número 10
[[1, -9, 2, 0, 2], [2, 8, -10, -6], [-2, -7, -3], [-3, -1], [-8]]
23.534
Tabla número 11
[[-5, -3, 0, -7, 4], [1, -9, 0, 7], [-6, 10, -7], [7, -4], [8]]
23.534
Tabla número 12
[[5, -10, 3, -6, -3], [-7, 6, 2, 3], [4, 7, -4], [-1, -3], [-6]]
23.534
Tabla número 13
[[4, 8, 6, -3, 4], [9, -3, 5, -7], [6, 0, 5], [9, -8], [0]]
23.534
Tabla número 14
[[-7, 4, 1, 1, -9], [-8, 1, 5, 8], [-10, -1, -7], [0, 8], [-10]]
23.534
Tabla número 15
[[-2, 4, -2, -5, -9], [-9, -10, 10, -10], [5, -3, 9], [7, 8], [-4]]
23.534
Tabla número 16
[[4, 4, -4, 3, -2], [8, -6, -7, -6], [-2, -8, -9], [-2, -9], [-7]]
23.534
Tabla número 17
[[1, 1, 9, -8, 7], [7, -8, 9, 5], [-10, -10, 1], [-8, 9], [-7]]
23.534
Tabla número 18
[[7, -8, -5, 10, 0], [-9, -9, 10, -6], [-1, 7, 0], [10, -8], [0]]
23.534
Tabla número 19
[[-1, 2, -8, -7, -3], [1, 0, 0, 5], [9, -5, -5], [3, -5], [5]]
23.534
Tabla número 20
[[6, 1, -7, 7, -4], [9, -2, 4, 0], [7, 4, -5], [-1, -1], [-1]]
24.295999999999996
Tabla número 21
[[-10, 0, 1, -3, -9], [3, 5, 7, -7], [-9, 8, -8], [5, 0], [-4]]
24.784733333333325
Tabla número 22
[[8, -10, 0, 8, 10], [-9, -3, 6, -8], [-1, 7, -3], [-7, -10], [-2]]
25.006733333333326
Tabla número 23
[[-5, 7, -8, -5, -1], [4, 4, -9, -4], [-8, -1, 7], [-7, 7], [-2]]
24.818999999999996
Tabla número 24
[[-8, 2, -6, -5, -6], [-3, -8, 8, -5], [4, -5, 6], [6, 9], [-10]]
24.12453333333333
Tabla número 25
[[4, 4, -1, 10, 10], [10, 0, 10, -6], [4, 5, -8], [9, 0], [-10]]
23.852999999999998
Tabla número 26
[[4, -5, 5, 6, 5], [3, -2, -1, 6], [-6, -1, -1], [8, 10], [-3]]
23.824333333333332
Tabla número 27
[[6, 4, 6, -1, -2], [3, -10, 0, 2], [10, 4, -6], [0, -5], [-3]]
24.867399999999996
Tabla número 28
[[-4, 7, 7, 0, 10], [-7, -6, 9, -4], [-2, 7, -3], [4, 7], [-8]]
23.534
Tabla número 29
[[-1, -1, -2, 0, 8], [-10, -3, 5, 2], [-2, 3, 10], [3, 3], [2]]
23.534
Tabla número 30
[[0, -6, 5, 10, -1], [5, -10, 6, 7], [0, -3, 9], [9, 6], [-5]]
24.612199999999998
Tabla número 31
[[-9, 5, -9, 7, -9], [1, -4, -4, 7], [-10, -7, 3], [-9, 0], [8]]
25.064799999999998
Tabla número 32
[[4, -1, -7, -7, -3], [-9, -3, 4, 8], [-8, -7, 5], [-9, -5], [-1]]
25.2192
Tabla número 33
[[-8, -6, 10, 3, 5], [5, 5, -8, 9], [2, -3, 3], [-9, -8], [-7]]
24.15713333333333
Tabla número 34
[[4, 8, -3, -7, -5], [-1, 9, -9, -1], [-6, 1, 5], [-5, -6], [-10]]
23.534
Tabla número 35
[[4, 10, -7, 0, 0], [-5, -8, -3, 0], [-1, 5, -7], [-8, 0], [7]]
23.534
Tabla número 36
[[9, -4, -3, -10, 8], [1, 7, -10, 5], [10, 2, -8], [-2, 1], [1]]
25.27986666666667
Tabla número 37
[[-2, 3, 8, -2, -5], [2, -8, -6, -1], [-3, 1, -7], [10, 9], [2]]
24.497133333333338
Tabla número 38
[[3, -5, 6, 0, 0], [-4, -4, 0, 10], [-2, 2, 0], [5, -1], [5]]
25.315199999999997
Tabla número 39
[[9, 10, 4, 9, 0], [6, 3, -10, -5], [9, -7, -6], [-9, 4], [1]]
23.973
