Tabla número 0
[[-3, -3, 5, 9, 10], [4, 5, -3, 3], [-8, 1, 4], [9, -1], [-6]]
24.968733333333333
Tabla número 1
[[5, 9, 5, 0, -2], [4, -6, 5, 8], [-2, -7, -5], [7, -8], [-6]]
24.889466666666667
Tabla número 2
[[4, 5, 0, 1, 0], [-10, -6, -9, -1], [1, 0, 0], [9, -1], [10]]
23.534
Tabla número 3
[[9, -5, 7, -7, -6], [5, -6, 10, -5], [-1, 0, 7], [3, 3], [-7]]
23.534
Tabla número 4
[[6, -9, 10, 0, 0], [-5, 0, 4, 0], [4, 10, 7], [-1, 0], [5]]
23.534
Tabla número 5
[[-5, 9, -4, 10, -9], [9, 0, 5, 10], [9, -8, -7], [10, 9], [-1]]
23.804999999999996
Tabla número 6
[[4, -9, 6, -8, 5], [5, -8, -1, 2], [5, -7, -9], [-5, 0], [1]]
23.804999999999996
Tabla número 7
[[0, -6, -8, 1, -3], [1, -5, 6, 7], [10, -8, -8], [7, 7], [8]]
23.804999999999996
Tabla número 8
[[-10, 1, -9, 0, 1], [8, -2, -3, -7], [-3, -4, -7], [0, -6], [-10]]
23.534
Tabla número 9
[[-8, 7, 8, 0, 7], [-9, 9, 9, -5], [-2, 4, 5], [8, -5], [-3]]
23.534
Tabla número 10
[[4, 5, 0, 10, 0], [-9, -3, -10, -4], [-10, -3, -1], [-8, 3], [-6]]
23.599
Tabla número 11
[[0, 0, 5, -10, -3], [6, 5, 9, -3], [7, 3, -3], [-2, 6], [-4]]
23.804999999999996
Tabla número 12
[[4, 7, -9, -7, 1], [-3, -1, 6, -6], [-2, -3, -7], [-8, -8], [6]]
23.599
Tabla número 13
[[-2, -10, -5, -2, -9], [6, -3, 7, -10], [-8, -3, 5], [-9, 0], [-10]]
23.804999999999996
Tabla número 14
[[-1, 6, 4, 10, 8], [2, 0, 6, -2], [-9, -4, 5], [8, -4], [-4]]
23.804999999999996
Tabla número 15
[[9, -7, 9, 3, -10], [-9, -9, 5, 5], [-10, -8, 1], [-5, 8], [-9]]
23.804999999999996
Tabla número 16
[[7, -5, -1, -5, 0], [-5, 7, 4, 5], [-8, 5, -8], [-9, -10], [-7]]
23.534
Tabla número 17
[[-7, 4, -2, -3, 5], [10, 0, -6, 6], [-8, 3, 3], [-1, 0], [-10]]
23.804999999999996
Tabla número 18
[[-4, 1, 2, 0, 10], [1, 3, 8, 7], [-6, -1, 5], [0, -8], [-1]]
23.804999999999996
Tabla número 19
[[-1, 2, -7, 10, -9], [3, 9, 9, -6], [4, 1, 9], [9, -5], [-2]]
23.804999999999996
Tabla número 20
[[4, -10, -6, -3, 6], [10, -8, 0, 9], [-6, 7, 9], [-8, -1], [-4]]
24.57226666666667
Tabla número 21
[[-8, 10, -7, 7, -2], [0, 3, 5, -6], [6, 7, -4], [0, -1], [0]]
24.85893333333333
Tabla número 22
[[8, 8, 1, 7, 5], [5, -3, -6, -2], [-2, -1, -7], [-9, -8], [0]]
26.674533333333336
Tabla número 23
[[6, -1, 3, -6, -1], [3, -8, -7, -4], [-2, 7, -6], [6, 4], [-7]]
25.496266666666664
Tabla número 24
[[-2, 4, -2, 0, 7], [-5, -4, 9, 1], [6, 4, 0], [4, -8], [0]]
24.85193333333334
Tabla número 25
[[2, 3, 5, 8, -4], [3, -9, 0, -8], [-1, -1, 3], [9, -1], [-10]]
26.14806666666667
Tabla número 26
[[4, 8, -8, -5, -7], [-9, -10, 0, 6], [6, 2, -1], [3, 3], [8]]
25.13100000000001
Tabla número 27
[[-5, 4, -8, 10, 10], [1, -10, -6, 0], [-2, 9, 10], [0, -6], [-8]]
25.04246666666667
Tabla número 28
[[4, 6, 5, 3, -1], [3, -4, 8, 8], [0, -1, -3], [-8, 10], [-3]]
24.419800000000002
Tabla número 29
[[4, 2, -7, -3, -9], [-10, -8, -10, 0], [4, -5, 0], [8, 0], [-5]]
25.29493333333334
Tabla número 30
[[-2, 10, -6, 0, -5], [10, 4, -4, -8], [-1, -3, 9], [5, 9], [-10]]
23.804999999999996
Tabla número 31
[[-8, -4, 0, -7, -5], [-4, -4, -3, 0], [-6, 10, -9], [-3, -4], [-10]]
26.713200000000004
Tabla número 32
[[1, 2, -3, 0, -7], [-8, -10, -9, -4], [3, 5, 3], [-2, -1], [2]]
23.804999999999996
Tabla número 33
[[6, -6, -7, -7, 2], [5, -9, 0, 2], [-1, 7, -3], [-9, 7], [8]]
23.804999999999996
Tabla número 34
[[-7, 4, -3, 2, -9], [-7, 6, -10, 9], [9, 4, 10], [10, -6], [-2]]
23.804999999999996
Tabla número 35
[[-4, 4, -1, -5, 4], [-7, -4, 6, 7], [10, 2, 3], [-5, -3], [1]]
24.968733333333333
Tabla número 36
[[-9, 2, -8, 6, 8], [-1, 1, 4, 10], [5, 8, -7], [4, -9], [7]]
24.60966666666667
Tabla número 37
[[2, -6, 3, 4, -10], [2, 6, 4, 5], [5, -7, 6], [-8, 9], [0]]
24.6948
Tabla número 38
[[1, -3, -7, -1, 10], [1, -9, 2, 2], [10, -7, -7], [0, 6], [-3]]
23.804999999999996
Tabla número 39
[[6, 3, 6, 7, -3], [3, -6, 10, -1], [-6, -8, -4], [-1, -5], [-8]]
23.804999999999996
