Tabla número 0
[[-5, 7, -9, -7, -6], [-7, -9, 8, 3], [6, 10, -1], [-8, -8], [-1]]
23.534
Tabla número 1
[[-4, 0, 0, 0, -4], [10, -2, 5, 0], [-1, 8, -5], [3, 9], [-10]]
23.534
Tabla número 2
[[-1, -7, -9, -7, -2], [-9, -10, 9, 5], [-2, 0, 0], [-5, 6], [-10]]
23.534
Tabla número 3
[[-7, 5, 3, -1, 6], [-9, -8, -4, 10], [-8, -7, -8], [0, -6], [-10]]
23.534
Tabla número 4
[[0, -6, 6, 7, 1], [-5, -8, 10, -8], [-2, -3, 6], [-9, -8], [2]]
25.0634
Tabla número 5
[[4, 6, -3, 9, -1], [9, 3, -9, -4], [-2, 1, 5], [9, 8], [-2]]
23.534
Tabla número 6
[[6, 2, -2, -10, -7], [1, -6, 0, 1], [9, -5, 9], [-1, -1], [-4]]
23.534
Tabla número 7
[[-8, -5, -7, -3, 0], [5, -4, -10, 2], [10, 2, -8], [-1, 4], [1]]
23.534
Tabla número 8
[[0, -10, 5, 10, 4], [3, 6, 0, -3], [4, 3, -6], [10, 9], [-3]]
23.534
Tabla número 9
[[-3, 5, 2, 0, 0], [3, 1, -3, 2], [-2, -7, 10], [-3, 3], [-8]]
23.534
Tabla número 10
[[-8, -5, 5, 0, -2], [5, -6, 6, 7], [10, -7, -4], [0, -1], [-6]]
23.534
Tabla número 11
[[6, 8, 5, -3, -7], [-8, -4, 2, -1], [-2, -1, 3], [3, -9], [5]]
23.534
Tabla número 12
[[4, 4, 4, 3, 0], [-1, -5, -7, -6], [6, -8, -7], [-2, 10], [8]]
23.534
Tabla número 13
[[4, 10, -8, -7, -9], [5, -3, -6, -8], [0, 7, 4], [10, 0], [0]]
23.534
Tabla número 14
[[-10, -9, -2, 6, 10], [-9, 8, 4, -5], [8, 3, -1], [9, -8], [7]]
23.534
Tabla número 15
[[1, -1, -3, 4, 2], [2, 9, -6, 0], [4, 7, -5], [7, -1], [-8]]
23.534
Tabla número 16
[[-4, 2, 0, 1, 4], [4, -2, 10, -4], [-2, -3, -3], [7, -4], [8]]
23.534
Tabla número 17
[[-2, 2, 0, -5, 8], [2, -10, 4, -10], [5, 5, -9], [-2, -6], [-3]]
23.534
Tabla número 18
[[4, 2, -4, 0, -3], [8, 9, 9, -9], [-6, -1, 9], [4, -6], [-2]]
23.534
Tabla número 19
[[4, -1, -1, -5, -1], [6, -4, -3, 0], [7, -8, 0], [6, 0], [-10]]
23.534
Tabla número 20
[[4, 4, -8, 0, 0], [-9, 5, 5, 5], [6, -8, 3], [8, -5], [-9]]
24.94366666666667
Tabla número 21
[[4, -8, 1, 10, 0], [-4, -3, -1, -3], [-10, 4, -7], [0, -8], [-9]]
26.550333333333334
Tabla número 22
[[7, -3, -5, 8, 8], [3, -9, 0, 6], [-10, -7, 0], [8, -8], [-5]]
24.31826666666667
Tabla número 23
[[2, 3, -2, 3, -10], [-7, -10, 7, -6], [-1, -3, 9], [-9, 6], [1]]
23.534
Tabla número 24
[[9, -10, -6, -6, -9], [1, 5, -3, -6], [4, 1, -7], [9, 0], [0]]
26.004466666666666
Tabla número 25
[[9, -4, 5, -2, -5], [4, 7, 5, -1], [-3, 1, 7], [-2, 0], [6]]
24.853799999999996
Tabla número 26
[[4, 3, -7, 10, 10], [-5, 0, 8, -4], [10, 0, 10], [-8, 0], [-3]]
23.759133333333338
Tabla número 27
[[6, 4, -7, 7, 5], [5, -1, 6, 8], [6, 4, -7], [5, 9], [-7]]
24.339600000000004
Tabla número 28
[[5, -6, 7, 2, 5], [9, 6, 9, 7], [9, 10, -7], [-9, -5], [5]]
24.851466666666667
Tabla número 29
[[-2, 4, -6, -3, -9], [1, -8, -8, -6], [-8, 5, -3], [7, -1], [-10]]
26.0814
Tabla número 30
[[6, 8, 8, -7, -9], [-3, -3, 6, -7], [-6, 0, -4], [7, -4], [2]]
25.0634
Tabla número 31
[[-2, -3, -8, 0, 10], [1, -6, 0, 0], [-6, 7, -5], [4, 7], [-8]]
24.693199999999997
Tabla número 32
[[1, 1, 9, -8, 7], [7, -8, 9, 5], [-10, -10, 1], [-8, 9], [-7]]
23.534
Tabla número 33
[[8, 7, -8, -5, 10], [10, 4, -9, -6], [1, 7, 7], [9, -10], [-2]]
24.3138
Tabla número 34
[[2, 6, 6, 7, -5], [1, 0, 5, 7], [0, 9, 5], [-9, -3], [1]]
23.534
Tabla número 35
[[-9, 1, 10, 10, -9], [3, -4, -10, 0], [-9, 7, -7], [-4, -5], [0]]
25.0634
Tabla número 36
[[-8, -9, -7, -5, -3], [-10, 0, 4, -1], [2, 4, 5], [-5, -1], [-2]]
24.8804
Tabla número 37
[[-5, 10, -7, 0, 1], [-5, -3, 5, -5], [-6, -1, -9], [0, -1], [-7]]
25.181933333333337
Tabla número 38
[[-7, 4, 1, 1, -3], [3, 1, 6, 8], [-1, -1, -3], [-9, 7], [-1]]
23.534
Tabla número 39
[[-1, -6, -1, 10, 8], [-10, 3, -10, 9], [9, 2, -8], [-1, 0], [-4]]
23.534
