Tabla número 0
[[4, 8, 0, -7, 4], [3, -2, 5, -6], [6, -8, 5], [-8, -4], [-3]]
24.1324
Tabla número 1
[[-2, 7, 0, -5, 1], [4, 4, -3, -1], [0, 0, 7], [7, 7], [-2]]
23.534
Tabla número 2
[[4, 4, -4, 3, -2], [1, -6, -7, 7], [-6, 10, -7], [-2, -9], [8]]
23.534
Tabla número 3
[[-1, 2, -2, 7, 8], [-10, 3, 5, -3], [-2, 3, 0], [-4, 0], [2]]
23.534
Tabla número 4
[[-8, 2, -7, 0, -6], [-3, -8, 8, 0], [4, -5, 6], [6, 0], [-10]]
23.534
Tabla número 5
[[2, 4, -7, 1, -9], [-8, 6, 9, 5], [-10, 9, 1], [-5, -8], [-2]]
23.534
Tabla número 6
[[-10, -3, -1, -3, 10], [3, 0, 7, -7], [6, 8, -8], [5, -6], [-4]]
23.534
Tabla número 7
[[9, -4, 6, -1, 8], [10, 7, -10, 2], [10, 7, -6], [-2, -8], [-3]]
23.534
Tabla número 8
[[-7, 1, 1, -8, -9], [7, -10, 5, -10], [5, -10, -7], [-8, 8], [-4]]
23.534
Tabla número 9
[[9, 10, 4, 8, 10], [6, 3, -10, -5], [9, -7, -3], [1, 4], [1]]
23.534
Tabla número 10
[[1, 4, 9, -7, -7], [-3, 1, 8, -4], [6, 1, -1], [-5, 7], [5]]
23.534
Tabla número 11
[[7, -8, -5, 10, 0], [-9, -9, 10, -6], [-1, 7, 0], [10, -8], [0]]
23.534
Tabla número 12
[[-8, -6, 10, 7, 5], [-7, -2, 9, 0], [-2, 4, -5], [-9, -8], [-7]]
23.534
Tabla número 13
[[-9, 5, 2, 7, -9], [5, 8, -10, -6], [-10, -7, 7], [-3, 6], [-8]]
23.534
Tabla número 14
[[-4, -6, 5, -2, -1], [3, -8, -6, -8], [0, 1, 9], [10, 6], [2]]
23.534
Tabla número 15
[[6, 3, -3, -10, -2], [1, 9, 0, 5], [1, 2, -8], [9, 1], [1]]
23.534
Tabla número 16
[[0, -1, -9, 0, 6], [-10, -3, 9, 2], [10, 4, 10], [10, 3], [-4]]
23.534
Tabla número 17
[[4, -9, 5, -3, -9], [9, -3, 6, -7], [8, 0, -7], [9, -1], [-9]]
23.534
Tabla número 18
[[-3, -4, -8, 10, -7], [-5, -4, -3, 0], [6, 3, -5], [5, 9], [0]]
23.534
Tabla número 19
[[-4, -5, 6, 0, 10], [-4, 5, 0, 9], [2, -3, -3], [5, 7], [5]]
23.534
Tabla número 20
[[1, 10, -6, 0, 2], [2, -4, -4, 7], [-1, 1, 3], [-9, 0], [8]]
25.705866666666665
Tabla número 21
[[4, -9, -9, 0, 0], [-5, -4, -3, -3], [-2, -7, -3], [7, -1], [1]]
26.22653333333334
Tabla número 22
[[8, -10, 0, 9, 0], [1, -3, 6, -8], [-1, -5, -6], [3, -6], [-10]]
24.83453333333333
Tabla número 23
[[-1, 2, -3, -7, -3], [-9, 0, -9, -1], [-6, 7, 5], [-7, -10], [-2]]
25.0398
Tabla número 24
[[6, 6, -8, -3, 8], [4, -6, 0, 5], [2, -8, -5], [0, -6], [-3]]
24.075000000000003
Tabla número 25
[[4, 2, -8, 2, -5], [-1, 9, -6, 1], [9, -1, -9], [2, 9], [-10]]
25.196533333333335
Tabla número 26
[[2, 4, -2, 4, -10], [3, -10, 4, -6], [10, 4, 10], [0, -5], [6]]
23.534
Tabla número 27
[[-2, -7, -2, 0, 7], [-9, -8, 9, 8], [-10, -3, -4], [4, 8], [-2]]
25.585466666666665
Tabla número 28
[[4, -3, 6, -5, 1], [-5, -1, 10, -9], [-2, -1, -9], [7, -1], [3]]
25.301000000000002
Tabla número 29
[[6, 4, -7, -5, 4], [5, -5, 0, 0], [-6, -8, 9], [7, -8], [-5]]
24.51266666666667
Tabla número 30
[[6, 1, -7, 0, 0], [9, -4, -8, -4], [-2, 2, 0], [-1, -1], [-1]]
26.274066666666663
Tabla número 31
[[3, 7, 7, 0, -4], [5, -6, 4, 10], [7, 7, 3], [4, -1], [-8]]
23.819733333333332
Tabla número 32
[[5, -10, 3, -6, 10], [-7, 6, 4, 8], [4, 5, -8], [-1, 0], [-6]]
25.080066666666664
Tabla número 33
[[4, 4, -7, 10, -3], [-9, -3, 2, 3], [4, 7, -4], [-9, -3], [-1]]
24.47933333333333
Tabla número 34
[[-8, 0, 0, -10, -5], [5, -10, 6, 0], [-3, -3, -7], [0, 0], [-9]]
24.585399999999996
Tabla número 35
[[0, -6, 8, 1, -9], [3, 5, 6, 7], [-9, 0, 4], [9, 9], [-5]]
24.837866666666674
Tabla número 36
[[-2, -1, -6, -5, 0], [1, -8, 10, -5], [-2, 5, -7], [-8, -5], [-10]]
25.426133333333333
Tabla número 37
[[4, 6, -1, -7, -3], [10, 0, -3, -6], [-8, -7, 5], [9, 9], [7]]
24.4544
Tabla número 38
[[-5, -5, 5, 6, 5], [8, -9, -1, 6], [-6, -1, -1], [8, 10], [-7]]
23.534
Tabla número 39
[[-5, 3, -8, 10, -1], [2, 1, -9, -4], [-8, -1, -7], [-7, -4], [8]]
24.88753333333333
