Tabla número 0
[[8, 7, -8, -5, 10], [10, 4, -9, -6], [1, 7, 7], [9, -10], [-2]]
23.534
Tabla número 1
[[1, 1, 9, -8, 7], [7, -8, 9, 5], [-10, -10, 1], [-8, 9], [-7]]
23.534
Tabla número 2
[[4, 10, 0, 0, 0], [2, 5, 4, -8], [6, 5, 3], [-7, 0], [0]]
23.534
Tabla número 3
[[9, -4, -3, -2, -5], [2, 7, -6, -1], [-3, 1, -8], [-2, 1], [1]]
23.534
Tabla número 4
[[-7, 4, 1, 1, -3], [3, 1, 6, 8], [-1, -1, -3], [-9, 7], [-1]]
23.534
Tabla número 5
[[4, 8, -3, -7, -5], [-1, 9, -9, -1], [-6, 1, 5], [-5, -6], [-10]]
23.534
Tabla número 6
[[-1, -1, -2, 0, 8], [-10, -3, 5, 2], [-2, 3, 10], [3, 3], [2]]
23.534
Tabla número 7
[[-2, 4, -2, -5, -9], [-9, -10, 10, -10], [5, -3, 9], [7, 8], [-4]]
23.534
Tabla número 8
[[1, -9, -8, 10, -7], [-5, -8, -3, -6], [-1, 3, -3], [-3, 9], [7]]
23.534
Tabla número 9
[[-8, -6, -1, -3, 1], [3, 1, 7, -8], [4, 0, -8], [7, -4], [8]]
23.534
Tabla número 10
[[4, 6, 5, 3, 0], [-9, -4, -3, 2], [-2, -3, -7], [7, -8], [-9]]
23.534
Tabla número 11
[[7, -8, -5, 10, 0], [3, -9, -1, -6], [-1, 4, 0], [8, -8], [0]]
23.534
Tabla número 12
[[-5, -3, 0, -7, 4], [1, -9, 0, 7], [-6, 10, -7], [7, -4], [8]]
23.534
Tabla número 13
[[-10, -1, -7, 7, -1], [-9, 8, -3, 0], [7, -7, -7], [-8, -5], [-10]]
23.534
Tabla número 14
[[-8, -9, -7, -5, -6], [9, 0, 4, -1], [2, -5, 5], [-8, -1], [-1]]
23.534
Tabla número 15
[[0, -6, -7, 7, -1], [-3, 3, 6, -4], [10, -3, -4], [-1, 0], [-4]]
23.534
Tabla número 16
[[2, 3, -2, 4, -10], [4, 9, 4, -4], [-8, 7, 10], [-7, -8], [6]]
23.534
Tabla número 17
[[0, -10, -9, -6, -9], [5, 6, 9, 7], [4, -7, 0], [9, 0], [-6]]
24.249399999999998
Tabla número 18
[[-8, -5, -6, 0, -2], [3, -10, 0, -3], [10, 1, -7], [0, 6], [-3]]
23.534
Tabla número 19
[[-9, 5, 3, 10, 6], [-7, -10, -4, -3], [-10, 7, 9], [-4, 6], [-5]]
24.249399999999998
Tabla número 20
[[-2, 3, 8, -10, 8], [1, -8, -10, 5], [10, 2, -7], [10, 9], [2]]
24.291533333333334
Tabla número 21
[[4, -3, -1, -1, 10], [3, 0, 6, 6], [6, 0, -1], [0, -5], [-3]]
25.442866666666667
Tabla número 22
[[-1, 2, -8, -7, -3], [1, 0, 0, 5], [9, -5, -5], [3, -5], [5]]
25.675799999999995
Tabla número 23
[[4, 2, -6, 10, 10], [-3, -8, 8, -5], [4, 5, -8], [9, 0], [-10]]
24.502066666666668
Tabla número 24
[[4, 0, -7, -7, -4], [5, -2, -8, 0], [-8, 8, -5], [-1, -1], [-7]]
23.534
Tabla número 25
[[6, 2, -8, -3, 8], [4, -6, -6, 1], [9, -8, -9], [2, -6], [-3]]
24.7994
Tabla número 26
[[5, 2, -9, 2, -3], [-10, 6, 8, 3], [6, 4, -1], [-5, -8], [-2]]
25.624533333333332
Tabla número 27
[[-3, -4, 2, 0, 2], [-5, -4, -10, 0], [-2, -7, -5], [-1, -1], [-8]]
26.036400000000004
Tabla número 28
[[6, -6, 5, 6, 5], [-9, -1, 6, 0], [8, 7, 9], [-9, 10], [1]]
24.53953333333333
Tabla número 29
[[-2, 4, 6, 1, 5], [5, -2, 10, 0], [-6, -1, 7], [10, -6], [-9]]
23.963466666666665
Tabla número 30
[[4, 8, 6, -3, 4], [9, -3, 5, -7], [6, 0, 5], [9, -8], [0]]
24.75153333333333
Tabla número 31
[[9, -10, 1, 8, -9], [-4, 3, 0, 8], [-10, -7, -6], [0, 8], [-2]]
26.130999999999997
Tabla número 32
[[3, -5, 6, 9, 0], [6, -4, -10, 10], [9, 2, 0], [-9, 4], [1]]
25.08813333333334
Tabla número 33
[[6, 1, 10, -5, -9], [5, -3, 10, 9], [-9, -8, 6], [6, 0], [-10]]
24.51566666666666
Tabla número 34
[[2, 6, 5, 7, -7], [1, -4, 2, 7], [0, 9, 3], [-9, -3], [8]]
24.19346666666666
Tabla número 35
[[4, -7, -4, 0, -2], [8, -6, 9, -9], [-2, -1, -4], [4, -1], [-2]]
23.534
Tabla número 36
[[-4, 4, 0, 10, -9], [10, 5, -3, -6], [0, 4, 4], [5, 9], [-4]]
24.19346666666666
Tabla número 37
[[-4, 7, 7, 0, 10], [-7, -6, 9, -4], [-2, 7, -3], [4, 7], [-8]]
24.249399999999998
Tabla número 38
[[6, 4, -7, 3, 1], [-5, -5, -7, -6], [-6, -8, -9], [-2, -9], [-7]]
25.855000000000004
Tabla número 39
[[-5, 10, 4, 0, 0], [-8, -3, 5, -5], [-2, -1, -7], [0, -1], [5]]
25.12173333333334
