Tabla número 0
[[4, 4, -2, -10, -9], [-5, -3, -10, -4], [10, 0, 6], [7, 9], [-10]]
23.534
Tabla número 1
[[-5, -10, -9, -7, -4], [-1, 8, -3, -5], [-9, 10, -8], [7, 0], [1]]
24.4448
Tabla número 2
[[6, 10, 10, -6, -3], [-9, -2, 4, -4], [-2, 2, 5], [0, 7], [-4]]
23.534
Tabla número 3
[[-3, 1, -7, 7, 0], [5, -10, -3, 10], [-2, -8, 2], [-1, 0], [-6]]
23.534
Tabla número 4
[[-7, -5, -2, -3, 10], [4, -3, 0, -1], [-6, 7, 0], [-9, -10], [5]]
23.534
Tabla número 5
[[-5, 5, -7, -8, -7], [-1, 5, -9, 3], [4, 1, -9], [5, -6], [2]]
23.534
Tabla número 6
[[-4, 3, -3, 0, -1], [-9, 7, -9, 9], [-10, -1, 9], [-7, 6], [2]]
23.534
Tabla número 7
[[7, -3, -1, 0, -3], [1, -8, 6, -1], [-1, -3, -7], [-8, -1], [-10]]
23.534
Tabla número 8
[[-4, -6, 5, -5, 1], [3, -8, -6, -9], [-2, 1, -9], [4, -1], [3]]
23.534
Tabla número 9
[[-8, -1, 5, 0, -6], [-10, -9, -8, -7], [10, 4, -1], [8, 3], [-4]]
23.534
Tabla número 10
[[2, -10, 2, -8, -9], [5, -10, 1, 5], [-10, 4, 3], [-3, 0], [-3]]
23.534
Tabla número 11
[[-8, 2, -6, -7, -5], [-9, 0, 2, 5], [-8, 7, -1], [9, -8], [-8]]
23.534
Tabla número 12
[[6, 8, 5, -7, -1], [5, 5, -6, 7], [8, 1, 5], [7, -4], [-10]]
23.534
Tabla número 13
[[-2, 7, 0, 0, -5], [3, -2, -3, -6], [6, 7, 4], [-4, 0], [-8]]
23.534
Tabla número 14
[[0, 1, -7, 6, 6], [-3, 1, -1, 6], [-6, -1, -8], [9, -1], [8]]
23.534
Tabla número 15
[[6, 0, -7, 10, 5], [-10, -5, 8, -3], [-2, -7, -3], [9, -8], [-10]]
23.534
Tabla número 16
[[-2, 3, 6, 1, 10], [2, 9, 8, 0], [6, 0, -4], [4, -6], [1]]
23.534
Tabla número 17
[[-10, -9, -8, -5, -9], [-5, -4, 9, -6], [8, 2, -7], [-8, -1], [-10]]
23.534
Tabla número 18
[[2, 2, -8, 10, 0], [10, -8, 5, 5], [-8, 9, -7], [2, -8], [-6]]
23.534
Tabla número 19
[[9, -4, 7, 1, 8], [10, -6, -10, 0], [10, -10, 1], [10, 6], [-2]]
23.534
Tabla número 20
[[-8, 6, 6, 10, -10], [-7, 6, 4, -3], [-2, -5, -3], [0, 7], [-10]]
25.123600000000003
Tabla número 21
[[-8, 4, 4, -7, 0], [2, 9, 8, 2], [-3, 3, -6], [7, -6], [5]]
25.383600000000005
Tabla número 22
[[4, 10, 0, 0, -2], [1, 1, 10, 0], [-1, -8, 0], [0, 0], [5]]
24.31773333333333
Tabla número 23
[[3, 2, -7, -3, 2], [3, -2, 9, 0], [7, 3, -7], [6, -4], [-2]]
24.944133333333333
Tabla número 24
[[-5, -5, -9, 0, 5], [-3, -10, 6, -8], [1, -7, 10], [10, 10], [8]]
25.119333333333334
Tabla número 25
[[-9, -6, 9, 4, 10], [7, -3, 9, 2], [-10, -8, 3], [-2, -8], [-7]]
24.133533333333332
Tabla número 26
[[-2, -4, -1, -10, -2], [1, -1, 0, 0], [4, 4, -5], [5, -5], [-9]]
23.534
Tabla número 27
[[1, 7, 6, 8, 8], [1, 4, 5, -7], [0, -7, 7], [5, 9], [7]]
24.374599999999997
Tabla número 28
[[9, 4, 1, 9, -3], [-9, -6, -7, 8], [-1, -3, 7], [-1, 8], [-1]]
23.534
Tabla número 29
[[5, -9, 8, 1, 1], [1, 0, -4, -5], [-3, 0, -7], [1, -3], [-4]]
24.348733333333332
Tabla número 30
[[4, -6, 3, -5, -9], [7, 3, 7, -10], [-6, -4, 9], [-5, -9], [-3]]
25.68066666666667
Tabla número 31
[[4, 6, 6, 7, 10], [9, -8, -3, 7], [9, 7, 0], [-9, 1], [2]]
24.827266666666667
Tabla número 32
[[8, -3, -5, -7, 8], [-7, 3, 6, -8], [6, -7, 7], [-8, 9], [-7]]
24.846866666666667
Tabla número 33
[[6, 4, 0, 10, -9], [3, -5, -10, 7], [4, -5, 10], [-7, 9], [-5]]
23.85406666666667
Tabla número 34
[[4, 2, 0, -3, 0], [-4, -10, 10, 2], [9, 8, -8], [9, -5], [-9]]
24.463466666666662
Tabla número 35
[[4, -7, -8, 7, -7], [6, 6, 9, -4], [2, 7, -5], [-5, 9], [0]]
23.91926666666667
Tabla número 36
[[0, 4, -8, 0, 4], [-5, -9, 10, 8], [2, 7, -3], [10, -8], [0]]
24.6786
Tabla número 37
[[1, -8, -4, 10, 4], [3, -8, -9, -6], [2, -1, -5], [-2, 4], [1]]
26.426333333333336
Tabla número 38
[[2, -1, -6, 0, 0], [-8, 0, 4, -6], [-2, 5, -7], [3, -1], [7]]
23.534
Tabla número 39
[[4, 4, -2, -5, 7], [5, -6, 0, 1], [5, 5, -6], [-9, 2], [-10]]
24.748
