Tabla número 0
[[6, 4, -1, -3, 4], [-9, -5, 7, -7], [8, 0, 9], [0, -6], [-4]]
23.534
Tabla número 1
[[-4, 10, -3, 0, 10], [2, 1, 8, 9], [-6, 7, 5], [6, 7], [-2]]
23.534
Tabla número 2
[[0, 4, -5, -7, -9], [-7, -9, 9, 7], [2, -1, -5], [10, -8], [-7]]
23.534
Tabla número 3
[[-3, -4, -8, 10, 8], [-5, -4, -3, -8], [6, -7, -5], [-7, 9], [0]]
23.534
Tabla número 4
[[6, -7, -8, 7, 0], [-4, -10, 9, -4], [2, 2, -5], [-1, -9], [-6]]
24.089800000000004
Tabla número 5
[[7, -3, -7, 0, -3], [1, 4, 10, -3], [-10, -7, -7], [-5, -1], [0]]
23.534
Tabla número 6
[[8, -10, 0, 10, -7], [3, 3, -9, 0], [4, 3, 10], [5, 0], [-10]]
23.534
Tabla número 7
[[9, -4, 7, -2, 8], [10, -6, -10, 0], [10, -10, 1], [10, 6], [-2]]
23.534
Tabla número 8
[[4, 3, -7, 0, 10], [9, 9, 10, 7], [-2, 2, 0], [4, 1], [1]]
23.534
Tabla número 9
[[4, 1, 3, -5, -9], [7, 3, -10, -10], [9, -1, -7], [-5, 0], [2]]
23.534
Tabla número 10
[[-5, -1, -9, 0, 5], [7, -9, 9, 2], [10, 4, -1], [10, 10], [-4]]
23.534
Tabla número 11
[[5, 8, 0, -5, 2], [2, -2, -4, 0], [-3, 3, 5], [-9, -4], [5]]
23.534
Tabla número 12
[[4, 0, 0, -6, -3], [6, -2, 8, -4], [9, -7, 0], [9, -10], [-4]]
23.534
Tabla número 13
[[-9, 6, 5, -7, 10], [9, -8, -6, -8], [-3, -1, 4], [7, -4], [-8]]
23.534
Tabla número 14
[[1, 7, 9, -3, 5], [3, -10, 6, -1], [-2, -3, 7], [-8, 8], [-8]]
23.534
Tabla número 15
[[-4, -6, 5, -5, 1], [3, -8, -6, -9], [-2, 1, -9], [4, -1], [3]]
23.534
Tabla número 16
[[1, -8, -4, 0, 4], [-9, -8, -7, 8], [-1, -3, -4], [-2, 8], [-2]]
23.534
Tabla número 17
[[2, 2, 8, 10, -3], [3, 0, 9, 5], [-6, 7, -1], [2, -8], [5]]
23.534
Tabla número 18
[[-1, 6, 6, 10, -10], [-7, 6, 4, -3], [-2, -5, -3], [0, 7], [-6]]
23.534
Tabla número 19
[[-8, 4, 6, -1, -1], [5, 7, 8, 2], [7, 7, -6], [-2, -8], [-3]]
23.534
Tabla número 20
[[-2, 10, 10, 10, -7], [1, -1, 4, -6], [6, 8, 2], [5, -8], [-9]]
24.908333333333335
Tabla número 21
[[4, 4, 6, 1, -2], [5, -10, -3, 10], [-2, 7, 9], [-9, 7], [8]]
25.5892
Tabla número 22
[[4, 2, 4, 8, 8], [-10, 5, 5, -5], [0, -8, -3], [0, -6], [5]]
25.5764
Tabla número 23
[[9, 2, 1, 9, 1], [-5, -6, 10, 8], [2, 7, -3], [1, 4], [1]]
23.795
Tabla número 24
[[-7, 4, -8, 1, -5], [-9, -3, 2, -1], [-8, 7, -7], [-9, -3], [-1]]
24.557
Tabla número 25
[[6, -5, -2, -3, 10], [4, -3, 0, 0], [-1, 0, -8], [-1, -5], [-10]]
24.389466666666667
Tabla número 26
[[-8, 2, -6, -7, 0], [10, 0, 5, 5], [-8, 9, -7], [9, -8], [-2]]
23.88653333333333
Tabla número 27
[[6, -9, -3, -10, -2], [1, 6, 0, -6], [4, -5, -7], [-8, -5], [7]]
26.911866666666665
Tabla número 28
[[4, -6, -8, 7, -9], [5, 9, 6, 1], [5, 4, -4], [9, 9], [-9]]
25.193199999999997
Tabla número 29
[[-5, 3, -7, -8, -1], [-1, 5, -9, 3], [-9, 1, -9], [-7, 9], [1]]
24.642799999999998
Tabla número 30
[[-10, -9, -7, 7, 0], [3, -4, -9, -6], [8, -8, 7], [-8, -1], [-10]]
25.654999999999998
Tabla número 31
[[2, 5, -9, 0, 0], [-1, 0, 4, -5], [-2, 5, -8], [3, -6], [7]]
25.0758
Tabla número 32
[[-2, -6, -1, 4, -4], [1, 8, -3, -6], [4, -7, 3], [7, -1], [-10]]
25.46573333333333
Tabla número 33
[[4, 4, -2, -10, -9], [-5, -3, -10, -4], [10, 0, 6], [7, 9], [-10]]
24.522399999999998
Tabla número 34
[[0, 1, -7, 6, 6], [-3, 1, -1, 6], [-6, -1, -8], [9, -1], [8]]
25.20406666666667
Tabla número 35
[[-8, -5, 5, 0, -6], [-10, -3, -8, -7], [1, -8, 10], [8, 3], [-7]]
25.58773333333333
Tabla número 36
[[-5, -1, -6, -7, -5], [-8, -8, -3, -6], [-1, 10, -7], [-4, 0], [2]]
26.335400000000003
Tabla número 37
[[3, 7, 0, 0, 0], [-3, -2, 6, 7], [6, 1, 0], [7, 0], [8]]
24.024933333333333
Tabla número 38
[[2, -10, 2, -8, -9], [5, -10, 1, 5], [-10, 4, 3], [-3, 0], [-3]]
23.953666666666667
Tabla número 39
[[-2, -3, -2, -5, 7], [-9, -6, 0, 0], [-10, 5, -6], [5, 6], [-9]]
25.111666666666668
