Tabla número 0
[[8, 5, 10, -5, 7], [-5, -6, 4, -4], [1, 10, 7], [-9, -1], [-7]]
23.804999999999996
Tabla número 1
[[5, 9, -7, 0, -2], [4, -6, 5, 10], [-2, 7, -7], [-8, -8], [-6]]
23.804999999999996
Tabla número 2
[[2, -6, -8, 3, -10], [-9, -9, 6, 10], [-10, -3, -7], [4, 9], [6]]
23.883066666666668
Tabla número 3
[[4, 5, -4, 10, -9], [10, 0, -10, -4], [-10, -8, -1], [-3, 9], [-1]]
23.804999999999996
Tabla número 4
[[-7, 4, -3, 2, -9], [-7, 6, -10, 9], [9, 4, 10], [10, -6], [-2]]
23.804999999999996
Tabla número 5
[[-8, 1, -6, 7, 6], [0, -2, -3, -6], [-6, 7, -7], [0, -6], [-4]]
23.804999999999996
Tabla número 6
[[0, 2, -7, 10, 5], [-5, -8, 9, -6], [-2, 7, 2], [-9, -9], [-2]]
23.804999999999996
Tabla número 7
[[0, -6, -8, 1, -1], [1, -5, 6, 7], [10, -8, -8], [7, 7], [8]]
23.712066666666665
Tabla número 8
[[-10, -10, -2, -2, -9], [8, -9, 0, -7], [-3, -4, 5], [0, -1], [-10]]
23.804999999999996
Tabla número 9
[[7, 4, -1, 0, -1], [10, 0, 0, 5], [-8, -6, 5], [-1, -6], [0]]
23.804999999999996
Tabla número 10
[[-1, 0, 5, -10, -9], [6, -9, 9, -3], [7, 3, -3], [-2, 6], [-4]]
23.804999999999996
Tabla número 11
[[-7, -5, -7, -3, 0], [-5, 7, -6, 6], [4, -1, 0], [8, -8], [-3]]
23.804999999999996
Tabla número 12
[[1, 2, -3, 3, 5], [-10, -10, -9, 8], [3, 3, 3], [-2, -1], [-9]]
23.804999999999996
Tabla número 13
[[-8, -9, -7, -7, -5], [-10, -4, -3, -1], [-6, -7, -9], [9, -8], [8]]
23.804999999999996
Tabla número 14
[[4, -3, 0, 0, 7], [4, -9, -9, 0], [4, 1, 5], [9, -1], [-10]]
23.804999999999996
Tabla número 15
[[-5, 9, 5, -3, -2], [9, -3, 5, -5], [9, -7, 7], [3, 3], [-7]]
23.804999999999996
Tabla número 16
[[6, 3, -9, 10, 1], [3, -6, 10, -1], [-2, -8, 5], [-8, -8], [-4]]
23.804999999999996
Tabla número 17
[[4, 6, 7, -7, -3], [-3, -3, 5, -2], [-9, -1, -5], [8, -4], [-9]]
23.804999999999996
Tabla número 18
[[4, -9, 6, -8, 5], [5, -8, -1, 2], [5, -7, -9], [-5, 0], [1]]
23.804999999999996
Tabla número 19
[[9, -1, 4, -6, -1], [5, -1, -7, -2], [-2, -8, 1], [7, 4], [-6]]
23.804999999999996
Tabla número 20
[[-9, -10, -9, 0, 1], [2, -8, 4, 2], [-8, 1, -4], [9, 0], [-10]]
23.92693333333333
Tabla número 21
[[-2, 9, 0, 10, 0], [3, -8, 5, 1], [6, 7, 0], [-8, -1], [8]]
24.824
Tabla número 22
[[-1, -7, 6, 7, 8], [2, 0, 6, -6], [-6, -4, -4], [-1, -5], [-8]]
24.7332
Tabla número 23
[[4, 8, 8, -7, -4], [3, 5, 0, 0], [-1, -1, -3], [-9, 0], [0]]
24.07813333333333
Tabla número 24
[[-4, -3, 3, 1, 10], [5, 3, 8, 0], [-6, 5, -7], [0, -10], [5]]
25.44953333333333
Tabla número 25
[[4, 8, -8, 10, -7], [1, -4, -6, 6], [-2, 9, -1], [3, 3], [-8]]
24.3232
Tabla número 26
[[4, -5, -2, -7, -7], [-8, -6, 10, 8], [-1, 5, -7], [6, 1], [-7]]
26.706866666666667
Tabla número 27
[[6, 6, 5, -1, 0], [1, 6, 4, 2], [6, -1, 0], [-1, 7], [-1]]
24.39966666666667
Tabla número 28
[[-2, 3, -6, -3, -5], [-9, 9, 9, -10], [6, -3, -8], [5, 0], [-4]]
24.2812
Tabla número 29
[[-3, -4, 5, -5, 10], [-4, 9, -3, 3], [-8, 10, 10], [3, -4], [-6]]
23.804999999999996
Tabla número 30
[[-5, 10, -5, 0, 10], [10, 4, -4, -8], [-1, 7, 9], [0, 9], [-10]]
24.487933333333334
Tabla número 31
[[6, 2, 1, 0, -6], [3, -4, 8, -4], [-8, 0, 3], [-8, 10], [2]]
23.804999999999996
Tabla número 32
[[4, -6, -7, 7, -9], [-9, 3, -6, 9], [0, -3, 9], [9, -8], [0]]
25.4896
Tabla número 33
[[1, 1, 0, 0, 0], [1, 0, 0, 0], [10, 0, 0], [0, 0], [10]]
26.498133333333335
Tabla número 34
[[-8, 7, 5, 9, 10], [-9, -4, 9, -5], [-2, 4, 4], [8, -5], [-3]]
23.804999999999996
Tabla número 35
[[-2, -5, 3, 6, 8], [6, -3, 7, 5], [5, 4, 3], [-9, -1], [-10]]
23.804999999999996
Tabla número 36
[[-4, 4, 9, 4, 4], [-1, -4, 4, 7], [5, 2, 3], [-5, 8], [7]]
24.60993333333334
Tabla número 37
[[9, 7, -1, -5, -10], [-7, 1, 6, 5], [10, 8, 6], [-5, -3], [1]]
24.408599999999996
Tabla número 38
[[6, 4, -8, 0, 2], [3, -10, 2, 7], [6, -3, 9], [-8, 7], [-3]]
23.804999999999996
Tabla número 39
[[2, 2, 5, 2, -3], [5, 5, -10, -8], [-1, -7, -3], [4, -5], [0]]
23.804999999999996
