Tabla número 0
[[4, 5, 0, 1, 0], [-10, -6, -9, -1], [1, 0, 0], [9, -1], [10]]
23.804999999999996
Tabla número 1
[[4, 2, -7, -3, -9], [-10, -8, -10, 0], [4, -5, 0], [8, 0], [-5]]
23.650266666666663
Tabla número 2
[[-7, 4, -3, 2, -9], [-7, 6, -10, -3], [9, 4, 10], [10, -6], [-2]]
23.804999999999996
Tabla número 3
[[4, 10, 6, 7, -2], [5, -8, -1, -6], [6, -7, -9], [0, -1], [1]]
23.804999999999996
Tabla número 4
[[-4, 4, -1, -5, 4], [-7, -4, 6, 7], [10, 2, 3], [-5, -3], [1]]
23.534
Tabla número 5
[[-5, 8, 1, 10, 7], [1, -4, 2, -10], [6, -8, -7], [10, -8], [0]]
23.650266666666663
Tabla número 6
[[4, -10, -6, 0, 0], [10, 0, -3, 9], [4, 10, 7], [-8, -1], [-4]]
23.804999999999996
Tabla número 7
[[5, 6, 5, 0, 8], [2, -6, 6, 8], [-9, -4, -5], [8, -4], [-4]]
23.760600000000004
Tabla número 8
[[4, 7, -9, -7, 1], [-3, -1, 6, -6], [-2, -3, -7], [-8, -8], [6]]
23.884199999999996
Tabla número 9
[[2, 3, 5, 8, -4], [3, -9, 0, -8], [-1, -1, 3], [9, -1], [-10]]
23.599
Tabla número 10
[[2, -5, 7, 4, -6], [2, 6, 4, -5], [-1, 0, 7], [-8, 0], [0]]
23.599
Tabla número 11
[[0, 2, -8, 1, -3], [1, -5, 6, 7], [4, -8, -8], [7, 7], [8]]
23.650266666666663
Tabla número 12
[[4, 2, -3, 10, 0], [-8, -3, -10, -4], [3, -3, -1], [-2, 3], [-6]]
23.599
Tabla número 13
[[-8, 2, -8, -3, 8], [-1, 9, 9, -5], [-8, 7, -7], [8, 7], [-10]]
23.534
Tabla número 14
[[9, -7, 9, 3, -10], [-9, -9, 5, 5], [-10, -8, 1], [-5, 8], [-9]]
23.650266666666663
Tabla número 15
[[6, 4, -7, 0, 5], [10, 0, -6, 6], [5, 4, -3], [-9, -9], [-3]]
23.804999999999996
Tabla número 16
[[-4, -9, -7, -2, -9], [0, -3, 5, 2], [-6, -7, 5], [-9, 0], [0]]
23.599
Tabla número 17
[[4, 10, 5, 0, -5], [10, 4, -4, -8], [0, -1, -3], [-8, 10], [-3]]
23.599
Tabla número 18
[[9, -6, 1, -7, -10], [3, -6, 10, 5], [-1, -3, 6], [5, 9], [-7]]
23.599
Tabla número 19
[[1, 5, 0, 0, -7], [-9, -10, -9, -4], [-10, 5, 3], [-8, -1], [2]]
23.599
Tabla número 20
[[-2, -10, -5, 0, 10], [1, 3, 5, -10], [-8, -3, 5], [0, 0], [-1]]
24.84606666666667
Tabla número 21
[[-1, -6, -7, 10, -9], [3, 9, 9, -6], [10, 1, 9], [9, -5], [-2]]
24.84606666666667
Tabla número 22
[[6, -1, 3, -6, -1], [3, -8, -7, -4], [-2, 7, -6], [6, 4], [-7]]
25.164666666666665
Tabla número 23
[[-5, 4, -8, 10, 10], [1, -10, -6, 0], [-2, 9, 10], [0, -6], [-8]]
25.405466666666666
Tabla número 24
[[0, 1, -9, -10, -3], [6, 5, -3, -7], [-3, 3, -3], [-2, -6], [-10]]
25.6916
Tabla número 25
[[-10, 0, 5, 0, 1], [8, -2, 9, -3], [7, -4, -7], [0, 6], [-4]]
24.77273333333333
Tabla número 26
[[6, -4, -4, 7, 6], [9, -3, 5, -2], [9, -1, 0], [-1, -8], [0]]
25.7126
Tabla número 27
[[8, 9, -2, -3, -9], [-5, -9, 0, 1], [-6, 7, -7], [-9, 6], [-1]]
24.775666666666666
Tabla número 28
[[-1, -5, -1, -5, -2], [4, 7, 8, 5], [-8, -1, 5], [7, -8], [-6]]
25.62206666666666
Tabla número 29
[[7, 9, 4, 10, 0], [-5, 0, 4, -2], [-2, 5, -8], [-9, -10], [-7]]
24.983666666666668
Tabla número 30
[[-8, 1, 2, -8, 5], [6, 3, 7, 7], [5, 7, -4], [-5, -8], [-10]]
23.650266666666663
Tabla número 31
[[4, 8, -8, -5, -7], [-9, -10, 0, 6], [6, 2, -1], [3, 3], [8]]
24.84606666666667
Tabla número 32
[[-9, -9, 8, -7, -5], [-4, -4, 4, 0], [-6, 10, 5], [-3, -4], [7]]
23.804999999999996
Tabla número 33
[[1, 4, 0, -5, 10], [-5, -8, 9, 0], [9, -7, 9], [4, 0], [5]]
25.453200000000002
Tabla número 34
[[-8, 7, 10, 6, 7], [-9, 1, 4, 10], [-2, 8, -9], [4, -5], [-10]]
23.804999999999996
Tabla número 35
[[-2, 6, -6, 3, -1], [5, -4, 8, 8], [5, -7, 9], [3, 9], [-10]]
24.465333333333334
Tabla número 36
[[-3, -3, -2, 9, 2], [4, 5, -3, 3], [-1, 1, 3], [-1, -1], [8]]
25.102066666666666
Tabla número 37
[[-7, -6, 5, -7, 10], [5, -9, 0, 2], [10, 3, 4], [9, 0], [-6]]
24.734800000000003
Tabla número 38
[[6, 3, 6, 7, -3], [5, -6, 10, 10], [-2, 4, -7], [0, -5], [-3]]
24.692066666666665
Tabla número 39
[[-2, -3, -7, -1, 5], [3, 0, -6, -1], [-6, -8, -4], [-1, 9], [-8]]
25.93446666666667
