Tabla número 0
[[9, 2, 4, 9, 8], [-10, -6, 5, 8], [2, -8, -3], [0, -6], [1]]
23.534
Tabla número 1
[[-3, -4, -8, 10, 8], [-5, -4, -3, -8], [6, -7, -5], [-7, 9], [0]]
23.534
Tabla número 2
[[8, -10, 0, 10, -7], [3, 3, -9, 0], [4, 3, 10], [5, 0], [-10]]
23.534
Tabla número 3
[[4, 1, 3, -5, -9], [7, 3, -10, -10], [9, -1, -7], [-5, 0], [2]]
23.534
Tabla número 4
[[-5, -1, -9, 0, 5], [7, -9, 9, 2], [10, 4, -1], [10, 10], [-4]]
23.534
Tabla número 5
[[7, -3, -7, 0, -3], [1, 4, 10, -3], [-10, -7, -7], [-5, -1], [0]]
24.83133333333333
Tabla número 6
[[-7, 4, -8, 1, -5], [-9, -3, 2, -1], [-8, 7, -7], [-9, -3], [-1]]
23.534
Tabla número 7
[[4, 0, 0, -6, -3], [6, -2, 8, -4], [9, -7, 0], [9, -10], [-4]]
25.098266666666667
Tabla número 8
[[4, 6, -1, -10, -4], [-5, -8, -3, -8], [5, -1, 3], [7, 9], [-8]]
23.534
Tabla número 9
[[2, -3, 2, -5, -9], [5, -10, 0, 0], [-10, 4, -6], [-3, 6], [-9]]
23.534
Tabla número 10
[[1, -8, -4, 0, 4], [-9, -8, -7, 8], [-1, -3, -4], [-2, 8], [-2]]
23.534
Tabla número 11
[[-5, 8, -6, 0, 0], [2, -2, -4, 7], [-1, 10, 0], [-9, -4], [8]]
23.534
Tabla número 12
[[4, 10, 10, 1, -7], [1, -10, 4, 10], [6, 7, 9], [-9, -8], [-9]]
23.534
Tabla número 13
[[0, -5, 5, 6, 6], [-10, -3, -1, 6], [-6, -1, 10], [8, 3], [-7]]
23.534
Tabla número 14
[[1, 7, 9, -3, 5], [3, -10, 6, -1], [-2, -3, 7], [-8, 8], [-8]]
23.534
Tabla número 15
[[-2, 4, -2, 4, -9], [1, -3, -10, -6], [10, -7, 6], [7, -1], [6]]
23.534
Tabla número 16
[[-4, -6, 5, -5, 1], [3, -8, -6, -9], [-2, 1, -9], [4, -1], [3]]
23.534
Tabla número 17
[[2, 4, -5, 10, -9], [-7, -9, 9, 5], [-6, 7, -5], [10, -8], [-7]]
23.534
Tabla número 18
[[3, 7, 0, -7, -5], [-8, -2, 6, -6], [6, 1, -7], [7, 0], [2]]
23.534
Tabla número 19
[[-10, 5, -7, 7, 0], [3, 0, 4, -6], [8, -8, -8], [3, -6], [7]]
23.534
Tabla número 20
[[4, 2, 1, 8, 1], [-5, 5, 10, -5], [0, 7, -3], [1, 4], [5]]
24.921866666666663
Tabla número 21
[[2, -9, -9, 0, 0], [-1, -4, -9, -5], [-2, 5, 7], [-8, -1], [-10]]
25.03826666666667
Tabla número 22
[[-5, -6, -8, 7, -9], [-1, 9, 6, 1], [-9, 1, -4], [-7, 9], [-9]]
24.3694
Tabla número 23
[[4, 3, -7, -8, -1], [5, 5, -9, 3], [5, 4, -9], [9, 9], [1]]
24.972466666666662
Tabla número 24
[[-8, 1, -7, 0, 10], [9, 1, -8, 7], [-2, -8, 0], [4, -1], [8]]
24.089800000000004
Tabla número 25
[[6, -7, -8, 7, 0], [-4, -10, 9, -4], [2, 2, -5], [-1, -9], [-6]]
26.139266666666664
Tabla número 26
[[6, 4, -1, -3, 4], [-9, -5, 7, -7], [8, 0, 9], [0, -6], [-4]]
23.80293333333333
Tabla número 27
[[-2, 4, 6, 10, -2], [5, -1, -3, -6], [-2, 8, 2], [5, 7], [-5]]
24.389466666666667
Tabla número 28
[[-1, 6, 6, 10, -10], [-7, 6, 4, -3], [-2, -5, -3], [0, 7], [-6]]
24.871133333333333
Tabla número 29
[[6, -5, -2, -3, 10], [4, -3, 0, 0], [-1, 0, -8], [-1, -5], [-10]]
25.174133333333334
Tabla número 30
[[-8, 2, -6, -7, 0], [10, 0, 5, -6], [-8, 9, -7], [-8, -5], [7]]
24.9858
Tabla número 31
[[5, -1, 0, -5, 2], [-3, -8, -3, 0], [-3, 3, 5], [-4, 0], [5]]
27.566999999999997
Tabla número 32
[[-2, -10, -2, 3, 7], [-9, -6, 1, 5], [-10, 5, 3], [5, 0], [-3]]
24.392599999999998
Tabla número 33
[[-4, 10, -3, 0, 10], [2, 1, 8, 9], [-6, 7, 5], [6, 7], [-2]]
23.534
Tabla número 34
[[-8, 4, 6, -1, -1], [5, 7, 8, 2], [7, 7, -6], [-2, -8], [-3]]
24.507999999999996
Tabla número 35
[[9, -4, 7, -2, 8], [10, -6, -10, 0], [10, -10, 1], [10, 6], [-2]]
24.90233333333334
Tabla número 36
[[-9, -6, 5, -7, 10], [9, 8, -6, -4], [4, 0, 4], [7, -4], [-10]]
24.4234
Tabla número 37
[[0, 2, 8, -7, -3], [3, 0, 9, 7], [2, -1, -1], [2, -8], [5]]
23.91306666666667
Tabla número 38
[[4, 3, -7, 0, -6], [-3, 9, 10, -7], [1, 2, -8], [9, 1], [1]]
24.9156
Tabla número 39
[[6, -9, -3, -10, -2], [1, 6, 0, 5], [4, -5, -7], [9, -8], [-2]]
26.277066666666666
