Tabla número 0
[[4, 4, -7, 10, -3], [-9, -3, 2, 3], [4, 7, -4], [-9, -3], [-1]]
23.534
Tabla número 1
[[2, 4, -2, 4, 0], [1, -10, 4, -6], [10, 4, -6], [3, -6], [6]]
23.534
Tabla número 2
[[-8, 4, 10, 1, -7], [-8, -10, 8, 0], [6, -10, 1], [-9, -8], [-2]]
24.4498
Tabla número 3
[[-3, -4, -8, 10, -7], [-5, -4, -3, 0], [6, 3, -5], [5, 9], [0]]
23.534
Tabla número 4
[[-10, -3, -7, -5, 10], [3, 0, 0, 0], [6, -8, -8], [7, -8], [7]]
23.534
Tabla número 5
[[-1, 10, -3, 8, 10], [2, 1, -9, -5], [-6, 7, 5], [1, 4], [-2]]
23.534
Tabla número 6
[[4, 6, -1, -7, -3], [10, 0, -3, -6], [-8, -7, 5], [9, 9], [7]]
23.534
Tabla número 7
[[4, -9, -9, 0, 0], [-5, -4, 10, -5], [-2, 5, -3], [-8, -1], [-10]]
23.534
Tabla número 8
[[9, -4, 6, -1, 8], [10, 7, -10, 2], [10, 7, -6], [-2, -8], [-3]]
23.534
Tabla número 9
[[6, 1, -7, 0, 0], [9, -4, -8, -4], [-2, 2, 0], [-1, -1], [-1]]
23.534
Tabla número 10
[[-8, 2, 1, 10, 1], [4, 1, 8, 0], [0, 0, 7], [6, 7], [-10]]
23.534
Tabla número 11
[[6, 3, -3, -10, -2], [1, 9, 0, 5], [1, 2, -8], [9, 1], [1]]
23.534
Tabla número 12
[[1, -8, -4, 3, 4], [-9, -6, -7, 7], [-1, -8, 3], [-2, -9], [8]]
23.534
Tabla número 13
[[4, 8, -6, 0, 0], [2, -2, -4, 7], [-1, 10, 0], [-9, -4], [8]]
23.534
Tabla número 14
[[4, 10, 0, -7, 2], [3, -2, 5, -6], [6, 1, 5], [-8, 0], [-3]]
23.534
Tabla número 15
[[-5, -5, 5, 6, 5], [8, -9, -1, 6], [-6, -1, -1], [8, 10], [-7]]
23.534
Tabla número 16
[[0, -1, -9, 0, 6], [-10, -3, 9, 2], [10, 4, 10], [10, 3], [-4]]
23.534
Tabla número 17
[[-4, -5, 6, 0, 10], [-4, 5, 0, 9], [2, -3, -3], [5, 7], [5]]
23.534
Tabla número 18
[[0, -6, 8, 1, -9], [3, 5, 6, 7], [-9, 0, 4], [9, 9], [-5]]
24.679200000000005
Tabla número 19
[[6, 4, -1, -3, 4], [5, -5, 7, -7], [-6, 8, 9], [5, -6], [-4]]
23.534
Tabla número 20
[[-2, 0, -6, -10, 0], [5, -8, -3, -3], [-2, -7, -7], [0, 0], [1]]
26.02273333333333
Tabla número 21
[[-8, -1, 0, -5, -5], [1, -10, 6, 0], [-3, -3, -7], [7, -5], [-9]]
25.72766666666667
Tabla número 22
[[2, 4, -5, 10, -9], [-7, -9, 9, 5], [-6, 7, -5], [10, -8], [-7]]
24.714466666666667
Tabla número 23
[[3, 7, 7, -2, -1], [5, -6, 4, 10], [7, 7, 9], [10, 6], [2]]
23.534
Tabla número 24
[[1, 1, 0, -5, -9], [7, -8, 9, -4], [9, -1, -7], [-5, 0], [5]]
24.648799999999998
Tabla número 25
[[4, 2, 9, -7, 5], [-3, -2, 8, -10], [-2, 9, -1], [-8, 8], [-4]]
23.726266666666664
Tabla número 26
[[-9, 7, 5, -3, -9], [9, 8, 6, -1], [8, 0, 7], [-3, 6], [-8]]
25.18606666666666
Tabla número 27
[[-2, 5, 2, 7, -9], [5, -3, -10, -6], [-10, -7, 6], [7, -1], [-9]]
25.361066666666662
Tabla número 28
[[7, -6, -7, 7, -2], [1, 4, -3, -6], [-10, 4, -7], [-5, 7], [0]]
25.57493333333333
Tabla número 29
[[4, -9, -7, 0, -6], [-3, 6, 10, -7], [4, -5, -7], [9, -8], [-2]]
26.021866666666668
Tabla número 30
[[-1, -10, -2, 7, 10], [-7, 6, 4, -3], [-2, 5, -8], [-1, 0], [-6]]
23.534
Tabla número 31
[[-2, -7, -2, 0, 7], [-9, -8, 9, 8], [-10, -3, -4], [4, 8], [-2]]
23.534
Tabla número 32
[[4, -3, 6, 0, -4], [-5, -1, 10, -8], [5, -1, 3], [7, -1], [-8]]
25.068800000000007
Tabla número 33
[[-4, -6, 5, -5, 1], [3, -8, -6, -9], [-2, 1, -9], [4, -1], [3]]
25.87706666666667
Tabla número 34
[[-7, 4, -8, -7, -5], [-9, 0, -6, -1], [-8, -1, -7], [2, -4], [-10]]
25.38533333333333
Tabla número 35
[[-5, 3, -8, -8, -1], [-1, 9, -9, 1], [5, 1, -9], [-7, 9], [8]]
24.565266666666663
Tabla número 36
[[5, 2, 3, -6, -3], [6, 3, -10, -4], [9, 3, 0], [-4, -10], [2]]
25.049199999999995
Tabla número 37
[[9, 2, 4, 10, 8], [-10, 3, 5, 8], [4, -7, -3], [-7, 0], [1]]
25.458333333333336
Tabla número 38
[[6, 6, -8, -3, -10], [4, -3, 0, 5], [-1, -5, -5], [0, -5], [-3]]
24.004000000000005
Tabla número 39
[[8, -10, 0, 9, 8], [3, -6, 6, -8], [2, -8, 10], [0, -6], [-10]]
24.051600000000004
