Tabla número 0
[[6, -3, 3, 10, 10], [2, -4, 8, 0], [6, -1, -4], [3, 7], [-8]]
23.804999999999996
Tabla número 1
[[-1, 5, 5, -10, -9], [10, -9, 9, -4], [-10, 3, -3], [-3, 6], [-4]]
23.804999999999996
Tabla número 2
[[4, 9, 8, 0, -4], [3, 5, 4, 2], [6, -1, -3], [-8, -1], [8]]
23.712066666666665
Tabla número 3
[[-10, -5, 5, 2, 8], [8, -9, -8, -8], [-3, 4, -3], [4, -1], [0]]
24.364199999999997
Tabla número 4
[[-3, -4, 5, -5, 10], [-4, 9, -3, 3], [-8, 10, 10], [3, -4], [-6]]
23.982266666666668
Tabla número 5
[[7, -3, -1, 0, -1], [10, -9, -9, 5], [-2, -6, 5], [-1, -6], [-10]]
24.454733333333323
Tabla número 6
[[2, 1, -2, 7, -1], [5, -2, -3, -2], [10, -3, 5], [10, -5], [10]]
23.804999999999996
Tabla número 7
[[-8, -1, -6, -6, 6], [0, -1, -7, -6], [-2, 7, -7], [7, 4], [-6]]
25.453266666666668
Tabla número 8
[[1, 2, -3, 3, -6], [3, -10, 8, -4], [-8, 3, 3], [-9, -1], [2]]
25.1438
Tabla número 9
[[-2, -10, 3, 6, -9], [6, -3, 7, 5], [5, -7, 3], [-9, -1], [-10]]
24.160333333333334
Tabla número 10
[[-2, 7, 9, -3, -10], [-1, -4, 6, -1], [10, 7, 2], [-9, -9], [-4]]
24.31673333333333
Tabla número 11
[[-1, -7, 6, 7, 2], [3, -10, 6, -6], [-6, -3, 9], [-8, -5], [-3]]
23.982266666666668
Tabla número 12
[[-4, 8, -8, -7, 8], [1, -8, 2, 7], [-6, -4, -1], [-9, -10], [5]]
24.160333333333334
Tabla número 13
[[5, 9, -7, 0, -2], [4, -6, 5, 10], [-2, 7, -7], [-8, -8], [-6]]
23.712066666666665
Tabla número 14
[[4, -5, -5, -3, -7], [10, 9, -10, 6], [6, -8, -1], [0, -8], [-1]]
23.712066666666665
Tabla número 15
[[4, 8, -8, 3, -7], [5, -9, 6, 6], [-10, -3, -7], [-6, 9], [5]]
23.712066666666665
Tabla número 16
[[-7, 4, -3, -2, -3], [5, 6, -10, 9], [-1, -4, 10], [0, 2], [-10]]
24.80706666666667
Tabla número 17
[[8, 5, 10, -5, 7], [-5, -6, 4, -4], [1, 10, 7], [-9, -1], [-7]]
23.712066666666665
Tabla número 18
[[1, 1, 0, 0, 0], [1, 0, 0, 0], [0, 0, 0], [0, 0], [0]]
24.160333333333334
Tabla número 19
[[-2, 4, 0, 0, 0], [3, 0, 0, 0], [-1, 1, 0], [-1, 0], [0]]
24.160333333333334
Tabla número 20
[[-7, 2, 6, -7, 10], [-7, -8, -6, -8], [4, 7, 9], [8, -8], [-10]]
24.353200000000005
Tabla número 21
[[4, 6, -7, -7, 4], [-3, -3, 5, -2], [-9, -1, -5], [9, -3], [1]]
26.253933333333332
Tabla número 22
[[2, -6, -8, 1, -10], [-9, 3, -6, 10], [-2, 5, -7], [4, 3], [6]]
25.716199999999997
Tabla número 23
[[-5, -9, -2, 4, 5], [-5, -8, -1, 1], [5, -7, 3], [-5, 3], [-7]]
25.028533333333332
Tabla número 24
[[4, 6, 5, -1, 0], [-8, 6, 10, 2], [-1, -1, 0], [6, 1], [-7]]
25.293866666666666
Tabla número 25
[[-9, 9, -9, 9, 10], [2, -3, 5, 1], [-8, 4, 4], [9, 0], [7]]
24.484199999999998
Tabla número 26
[[4, 4, 0, 0, 7], [4, 0, 0, 0], [-8, 1, 5], [9, -1], [0]]
24.531533333333332
Tabla número 27
[[-5, -5, -7, 10, 0], [-9, -1, -4, 7], [-1, -1, 0], [-1, 0], [-3]]
25.41906666666666
Tabla número 28
[[4, 7, -4, 1, -9], [1, 0, 4, -5], [-2, -8, -7], [8, 9], [-1]]
25.3136
Tabla número 29
[[-1, -6, 4, -5, -9], [-7, -4, -6, -7], [-6, -8, 1], [3, -6], [-4]]
25.341866666666668
Tabla número 30
[[9, -6, -1, 2, -1], [1, 5, -10, 5], [6, 5, -9], [5, -8], [10]]
24.647866666666673
Tabla número 31
[[6, 2, -7, -8, 5], [5, -6, 9, 7], [9, -7, -7], [-5, -7], [-1]]
24.516199999999994
Tabla número 32
[[6, 2, 1, 0, 5], [-10, -4, -9, 8], [3, 0, 3], [-2, 10], [-9]]
25.206999999999997
Tabla número 33
[[6, 3, -9, 10, 1], [3, -6, 10, -1], [-2, -8, 5], [-8, -8], [-4]]
24.487000000000002
Tabla número 34
[[0, 10, -7, 0, -9], [-5, 7, 6, 2], [9, 4, 6], [-5, 9], [-2]]
24.820999999999994
Tabla número 35
[[-4, -9, -6, 10, -5], [-10, 1, -3, -6], [-6, -7, -9], [9, 0], [-2]]
27.625799999999995
Tabla número 36
[[0, 0, 5, -3, -2], [9, -8, 5, -5], [-2, 8, 7], [3, 8], [-3]]
24.076533333333334
Tabla número 37
[[-8, -10, 5, 10, 1], [6, -4, 9, -3], [7, 7, -4], [-2, -5], [-10]]
25.551133333333336
Tabla número 38
[[4, 4, 7, 7, -3], [-9, 3, 4, 9], [5, 2, 9], [8, -4], [-9]]
24.767466666666667
Tabla número 39
[[-8, 3, -8, -7, -5], [-9, -5, 9, -10], [10, -3, -8], [7, 7], [8]]
25.450000000000003
