Tabla número 0
[[-1, 3, 8, 0, -10], [4, -1, 2, -10], [-8, 1, -1], [-2, 10], [-9]]
24.06440000000001
Tabla número 1
[[-5, -8, 6, 1, 10], [-8, -7, 3, -1], [-6, 2, -4], [-8, -10], [4]]
25.7036
Tabla número 2
[[9, 8, -8, -2, -8], [6, 7, -3, 4], [-2, 1, -5], [-8, -8], [4]]
25.45793333333334
Tabla número 3
[[7, -9, -9, -10, -6], [-2, 6, -9, 6], [3, -7, -8], [9, -3], [9]]
26.81266666666667
Tabla número 4
[[9, -2, -7, -9, -10], [-4, 6, -9, -6], [1, 6, 7], [-10, 8], [-2]]
25.056533333333334
Tabla número 5
[[0, 5, -4, -5, -5], [9, 1, 4, -5], [5, -3, 0], [5, -9], [4]]
24.467799999999997
Tabla número 6
[[2, 5, 9, 4, 8], [-6, -8, 7, 10], [-2, -5, -4], [2, 1], [-4]]
25.391800000000003
Tabla número 7
[[-7, -5, -9, -4, -3], [-4, 2, -1, 1], [8, -4, -3], [4, 2], [-4]]
24.954466666666672
Tabla número 8
[[9, -1, 8, 1, 6], [1, -5, 0, -3], [-4, 5, -4], [-9, 10], [-4]]
25.093333333333337
Tabla número 9
[[5, -7, -1, 0, -7], [6, -8, 5, -4], [5, 5, -9], [0, -1], [-3]]
26.053333333333335
Tabla número 10
[[-8, -2, 8, -2, -1], [-7, -1, -9, 5], [10, -8, -9], [-5, -2], [-4]]
25.31393333333334
Tabla número 11
[[-3, -2, -9, 4, -7], [-3, 8, -4, 3], [1, -3, 5], [-3, -6], [3]]
25.993733333333335
Tabla número 12
[[4, 7, -3, -4, 3], [10, 2, 3, -10], [-1, 6, 6], [1, -2], [10]]
24.515733333333337
Tabla número 13
[[-5, -9, -7, 10, -1], [9, 2, 3, -3], [-4, 6, -10], [-6, -10], [9]]
27.2818
Tabla número 14
[[2, -7, -1, -2, 7], [-4, 0, 3, -8], [3, 5, 5], [-2, 8], [5]]
24.882933333333327
Tabla número 15
[[-9, -5, -8, -10, -10], [-5, 4, 2, -8], [10, -7, 1], [-5, -6], [-3]]
27.614666666666665
Tabla número 16
[[9, 2, 0, 1, 9], [6, -2, 5, -1], [2, -9, -1], [-8, -10], [3]]
25.018200000000004
Tabla número 17
[[1, 1, 0, 0, 0], [1, 0, 0, 0], [0, 0, 0], [0, 0], [0]]
25.508
Tabla número 18
[[4, 4, 0, 0, 0], [4, 0, 0, 0], [-1, 1, 0], [-1, 0], [0]]
25.0826
Tabla número 19
[[-2, 4, 0, 0, 0], [3, 0, 0, 0], [-1, 1, 0], [-1, 0], [0]]
25.427
