Tabla número 0
[[5, -7, -1, 0, -7], [6, -8, 5, -4], [5, 5, -9], [0, -1], [-3]]
25.093333333333337
Tabla número 1
[[-8, -2, 8, -2, -1], [-7, -1, -9, 5], [10, -8, -9], [-5, -2], [-4]]
25.093333333333337
Tabla número 2
[[9, 8, -8, -2, -8], [6, 7, -3, 4], [-2, 1, -5], [-8, -8], [4]]
25.7036
Tabla número 3
[[0, 5, -4, -5, -5], [9, 1, 4, -5], [5, -3, 0], [5, -9], [4]]
25.45793333333334
Tabla número 4
[[-1, 3, 8, 0, -10], [4, -1, 2, -10], [-8, 1, -1], [-2, 10], [-9]]
24.06440000000001
Tabla número 5
[[7, -9, -9, -10, -6], [-2, 6, -9, 6], [3, -7, -8], [9, -3], [9]]
24.06440000000001
Tabla número 6
[[2, 5, 9, 4, 8], [-6, -8, 7, 10], [-2, -5, -4], [2, 1], [-4]]
24.06440000000001
Tabla número 7
[[-9, -5, -8, -10, -10], [-5, 4, 2, -8], [10, -7, 1], [-5, -6], [-3]]
25.45793333333334
Tabla número 8
[[4, 7, -3, -4, 3], [10, 2, 3, -10], [-1, 6, 6], [1, -2], [10]]
24.06440000000001
Tabla número 9
[[1, 1, 0, 0, 0], [1, 0, 0, 0], [0, 0, 0], [0, 0], [0]]
24.06440000000001
Tabla número 10
[[-5, -8, -1, -2, 7], [-8, 0, 3, -8], [3, 2, 5], [-8, 8], [4]]
26.44566666666666
Tabla número 11
[[2, -7, 6, 1, 10], [-4, -7, 3, -1], [-6, 5, -10], [-2, -10], [5]]
25.697400000000002
Tabla número 12
[[9, -2, -7, -9, -10], [-4, 6, -9, -6], [1, 6, 7], [-10, 8], [-2]]
25.418333333333333
Tabla número 13
[[9, 2, 0, 1, 9], [6, -2, 5, -1], [2, -9, -1], [-8, -10], [7]]
26.16166666666667
Tabla número 14
[[-7, -5, -9, -4, -3], [-4, 2, -1, 1], [8, -4, -3], [4, 2], [-4]]
24.9644
Tabla número 15
[[9, -1, 8, 1, 6], [1, -5, 0, -3], [-4, 5, -4], [-9, 10], [-4]]
25.462666666666667
Tabla número 16
[[4, -2, -9, 4, -7], [-3, 0, -4, 0], [1, -3, 5], [-3, -6], [0]]
25.75893333333333
Tabla número 17
[[-3, 4, 0, 0, 0], [4, 8, 0, 3], [-1, 1, 0], [-1, 0], [3]]
24.821266666666663
Tabla número 18
[[-2, 4, -7, 10, -1], [3, 2, 0, -3], [-1, 6, -10], [-6, -10], [0]]
25.237933333333334
Tabla número 19
[[-5, -9, 0, 0, 0], [9, 0, 3, 0], [-4, 1, 0], [-1, 0], [9]]
25.355866666666664
