Tabla número 0
[[-1, 4, 8, -6, -5], [4, 2, 4, -4], [10, 9, 0], [8, 1], [-6]]
21.38517647058823
Tabla número 1
[[10, 7, 7, -4, -1], [-1, 4, 8, 5], [10, 6, 3], [10, 6], [10]]
19.685352941176475
Tabla número 2
[[1, 1, 0, 0, 0], [3, 0, 0, 0], [-1, 1, 0], [-1, 0], [0]]
20.266823529411766
Tabla número 3
[[9, 6, 8, 4, 7], [4, -10, -10, -7], [-7, 0, -6], [8, 9], [-9]]
20.67988235294117
Tabla número 4
[[-3, 8, -8, -8, 10], [-2, 3, 2, 5], [3, 5, -4], [4, -8], [0]]
20.245117647058823
Tabla número 5
[[-4, -4, -8, -3, -4], [2, 9, 8, 9], [-10, -6, -9], [4, -3], [4]]
20.245117647058823
Tabla número 6
[[-2, 4, 0, 0, 0], [1, 0, 0, 0], [0, 0, 0], [0, 0], [0]]
20.313941176470593
Tabla número 7
[[5, -1, 7, -9, 3], [-3, 8, 0, -9], [3, -7, -6], [-8, 7], [10]]
20.245117647058823
Tabla número 8
[[8, 1, 4, -6, 2], [9, -2, 9, -10], [5, -4, 10], [-7, 5], [9]]
20.116352941176473
Tabla número 9
[[7, -1, 6, -7, -6], [5, -4, 1, 4], [-1, 2, 6], [-7, 4], [6]]
20.831764705882357
Tabla número 10
[[-3, -6, 9, -6, 1], [2, -9, -5, -9], [2, -8, -10], [3, 2], [-9]]
21.509705882352943
Tabla número 11
[[0, 6, 8, 0, 7], [4, 0, 7, 0], [8, 1, 0], [3, 0], [0]]
20.492294117647052
Tabla número 12
[[-5, -6, -7, 3, 8], [-7, -9, -6, -10], [-8, 4, 0], [-10, 2], [-3]]
20.56452941176471
Tabla número 13
[[10, -5, 5, 5, 10], [8, -8, -10, -10], [4, -7, 9], [10, -8], [1]]
20.805352941176476
Tabla número 14
[[4, 4, 0, -7, 0], [-4, -1, 0, 6], [-1, 8, -2], [-1, 10], [0]]
20.245117647058823
