Tabla número 0
[[-2, 4, 0, 0, 0], [3, 0, 0, 0], [-1, 1, 0], [-1, 0], [0]]
21.38517647058823
Tabla número 1
[[-3, 8, -8, -8, 10], [-2, 3, 2, 5], [3, 5, -4], [4, -8], [0]]
19.458294117647057
Tabla número 2
[[9, 6, 8, 4, 7], [4, -10, -10, -7], [-7, 0, -6], [8, 9], [-9]]
20.50641176470588
Tabla número 3
[[-3, -4, 9, -3, -4], [2, -9, -5, 9], [2, -6, -10], [4, -6], [4]]
20.782647058823525
Tabla número 4
[[1, 1, 0, 0, 0], [1, 0, 0, 0], [0, 0, 0], [0, 0], [0]]
20.198588235294125
Tabla número 5
[[-1, 4, 8, -6, -5], [4, 2, 4, -4], [10, 9, 0], [8, 1], [-6]]
21.18229411764706
Tabla número 6
[[10, 7, 7, -4, -1], [-1, 4, 8, 5], [10, 6, 3], [10, 6], [10]]
20.245117647058823
Tabla número 7
[[10, -5, 5, 3, 10], [-7, -9, -6, -10], [-8, -7, 0], [10, -8], [1]]
19.353764705882355
Tabla número 8
[[7, 1, 6, -6, 2], [5, -4, 9, -10], [5, 2, 10], [-7, 5], [6]]
20.432882352941174
Tabla número 9
[[-5, -6, -7, 5, 8], [8, -8, -10, -10], [4, 4, 9], [-10, 2], [-3]]
20.887235294117644
Tabla número 10
[[-4, -6, -8, -6, 1], [2, 9, 8, -9], [-10, -8, -9], [3, -3], [-9]]
20.60488235294118
Tabla número 11
[[-1, -1, 4, -7, -6], [9, -2, 1, 4], [-1, -4, 6], [-7, 4], [9]]
20.313941176470593
Tabla número 12
[[4, 4, 0, -7, 0], [-4, -1, 0, 6], [-1, 8, -2], [-1, 10], [0]]
20.370647058823526
Tabla número 13
[[0, 6, 8, 0, 7], [4, 0, 7, 0], [8, 1, 0], [3, 0], [0]]
19.96588235294118
Tabla número 14
[[5, -1, 7, -9, 3], [-3, 8, 0, -9], [3, -7, -6], [-8, 7], [10]]
20.245117647058823
