Tabla número 0
[[4, 4, 0, -7, 0], [-4, -1, 0, 6], [-1, 8, -2], [-1, 10], [0]]
20.245117647058823
Tabla número 1
[[5, -1, 7, -9, 3], [-3, 8, 0, -9], [3, -7, -6], [-8, 7], [10]]
20.245117647058823
Tabla número 2
[[10, 7, 7, -4, -1], [-1, 4, 8, 5], [10, 6, 3], [10, 6], [10]]
19.685352941176475
Tabla número 3
[[1, 1, 0, 0, 0], [3, 0, 0, 0], [-1, 1, 0], [-1, 0], [0]]
19.685352941176475
Tabla número 4
[[7, -1, 6, -7, -6], [5, -4, 1, 4], [-1, 2, 6], [-7, 4], [6]]
20.245117647058823
Tabla número 5
[[-3, 8, -8, -8, 10], [-2, 3, 2, 5], [3, 5, -4], [4, -8], [0]]
19.685352941176475
Tabla número 6
[[8, 1, 4, -6, 2], [9, -2, 9, -10], [5, -4, 10], [-7, 5], [9]]
19.685352941176475
Tabla número 7
[[-3, -6, 9, -6, 1], [2, -9, -5, -9], [2, -8, -10], [3, 2], [-9]]
19.685352941176475
Tabla número 8
[[-4, -4, 8, 4, -4], [4, 9, -10, -7], [-7, 0, -9], [4, -3], [-9]]
21.97523529411765
Tabla número 9
[[9, 6, -8, -3, 7], [2, -10, 8, 9], [-10, -6, -6], [8, 9], [4]]
19.82276470588236
Tabla número 10
[[10, -5, 5, 5, 10], [8, 0, -10, -10], [8, 1, 9], [3, -8], [1]]
20.892117647058825
Tabla número 11
[[0, 6, 8, 0, 7], [4, -8, 7, 0], [4, -7, 0], [10, 0], [0]]
20.45429411764706
Tabla número 12
[[-2, 4, 0, 0, 0], [1, 0, 0, 0], [0, 0, 0], [0, 0], [0]]
20.962235294117647
Tabla número 13
[[-5, -6, -7, 3, 8], [-7, -9, -6, -10], [-8, 4, 0], [-10, 2], [-3]]
20.912823529411764
Tabla número 14
[[-1, 4, 8, -6, -5], [4, 2, 4, -4], [10, 9, 0], [8, 1], [-6]]
21.38517647058823
