Tabla número 0
[[-1, 4, 8, -6, -5], [4, 2, 4, -4], [10, 9, 0], [8, 1], [-6]]
21.38517647058823
Tabla número 1
[[9, 6, -8, -3, 7], [2, -10, 8, 9], [-10, -6, -6], [8, 9], [4]]
19.82276470588236
Tabla número 2
[[8, 1, 4, -6, 2], [9, -2, 9, -10], [5, -4, 10], [-7, 5], [9]]
19.685352941176475
Tabla número 3
[[-4, -4, 8, 4, -4], [4, 9, -10, -7], [-7, 0, -9], [4, -3], [-9]]
19.685352941176475
Tabla número 4
[[-3, -6, 9, -6, 1], [2, -9, -5, -9], [2, -8, -10], [3, 2], [-9]]
19.685352941176475
Tabla número 5
[[4, 4, 0, -7, 0], [-4, -1, 0, 6], [-1, 8, -2], [-1, 10], [0]]
20.245117647058823
Tabla número 6
[[-2, 4, 0, 0, 0], [1, 0, 0, 0], [0, 0, 0], [0, 0], [0]]
19.685352941176475
Tabla número 7
[[0, 6, 8, 0, 7], [4, -8, 7, 0], [4, -7, 0], [10, 0], [0]]
20.245117647058823
Tabla número 8
[[-5, -5, -7, 5, 10], [8, 0, -10, -10], [-8, 4, 9], [-10, 2], [-3]]
20.26211764705883
Tabla número 9
[[10, -6, 5, 3, 8], [-7, -9, -6, -10], [8, 1, 0], [3, -8], [1]]
20.50188235294118
Tabla número 10
[[-3, -1, 6, -7, 10], [5, -4, 2, 4], [-1, 2, 6], [-7, 4], [6]]
19.59805882352941
Tabla número 11
[[7, 8, -8, -8, -6], [-2, 3, 1, 5], [3, 5, -4], [4, -8], [0]]
20.28705882352941
Tabla número 12
[[5, 7, 7, -9, 3], [-3, 8, 8, 5], [10, 6, 3], [10, 7], [10]]
20.16823529411765
Tabla número 13
[[10, -1, 7, -4, -1], [-1, 4, 0, -9], [3, -7, -6], [-8, 6], [10]]
21.327764705882352
Tabla número 14
[[1, 1, 0, 0, 0], [3, 0, 0, 0], [-1, 1, 0], [-1, 0], [0]]
20.245117647058823
