Tabla número 0
[[7, 9, -6, 5, -10], [-10, -3, -1, 10], [-9, 1, -4], [-10, 6], [0]]
24.497733333333336
Tabla número 1
[[-3, -5, 4, -5, -2], [3, -6, 5, 6], [-4, -3, 0], [-3, 8], [-5]]
24.497733333333336
Tabla número 2
[[1, 4, 0, 7, -4], [3, 0, -1, 0], [-1, 2, 0], [-1, 8], [-8]]
24.5532
Tabla número 3
[[-8, -1, -4, 0, 2], [8, -6, -2, 8], [-9, 5, 6], [7, 8], [5]]
24.816266666666667
Tabla número 4
[[6, 10, -6, -1, 4], [3, 5, 1, 7], [3, 5, -2], [-9, -9], [-9]]
24.5532
Tabla número 5
[[1, 8, -8, 5, 6], [10, -8, 8, 9], [6, -7, -7], [-2, -5], [0]]
24.5532
Tabla número 6
[[4, 3, -6, 7, 0], [4, 6, -8, -7], [0, -9, 0], [-1, -2], [-5]]
24.5532
Tabla número 7
[[-1, 1, -9, -5, -6], [-7, 0, 0, 0], [-1, 1, -7], [7, -5], [-4]]
24.5532
Tabla número 8
[[9, -2, 0, 8, 7], [1, 10, 0, -10], [7, 0, -4], [0, -7], [0]]
24.5532
Tabla número 9
[[-2, -8, -9, -3, -8], [6, -7, 9, 0], [2, 5, 4], [-4, -5], [10]]
24.5532
Tabla número 10
[[9, 4, 2, -3, 10], [-2, 4, 5, -5], [-6, -3, -2], [-8, -7], [5]]
25.089533333333335
Tabla número 11
[[-2, 7, 3, 0, 3], [-9, 6, -4, 9], [-10, -6, 0], [9, 0], [9]]
25.182933333333335
Tabla número 12
[[-3, 8, -1, 0, 0], [-3, 1, 0, 8], [3, -1, -9], [-9, 10], [-7]]
24.923733333333338
Tabla número 13
[[6, -1, 1, 7, 10], [9, 3, -10, 3], [-10, 1, 3], [9, 0], [0]]
24.550266666666666
Tabla número 14
[[-3, -5, 8, 1, -1], [3, 0, 6, -1], [1, 9, 4], [-6, -6], [10]]
25.099999999999998
Tabla número 15
[[-9, 5, 6, -7, -1], [-2, 9, -2, -9], [-10, 8, 2], [7, 8], [9]]
25.76653333333333
Tabla número 16
[[-9, -6, 0, -8, -8], [6, 7, 4, -8], [-1, -5, 1], [9, -9], [10]]
25.51926666666667
Tabla número 17
[[-6, 10, -7, 3, 1], [9, -5, -4, 1], [-10, 6, 5], [-6, -2], [8]]
24.40086666666667
Tabla número 18
[[1, 1, 8, 0, 6], [5, 0, -4, -4], [0, -1, 10], [5, 0], [-9]]
25.42473333333333
Tabla número 19
[[-9, 5, -6, -10, 0], [-9, 2, -4, 0], [10, 9, -5], [3, -10], [-4]]
25.855533333333334
