Tabla número 0
[[-9, -2, 1, -5, 10], [-7, -7, 5, 10], [-1, 5, 2], [7, -5], [-5]]
25.440999999999995
Tabla número 1
[[-3, 1, 4, 0, -2], [4, 9, -4, 6], [-4, -1, 10], [-3, 0], [-5]]
23.76233333333333
Tabla número 2
[[-2, -1, 8, 7, -1], [6, 2, -2, -2], [2, 0, 0], [-10, -5], [-4]]
24.497733333333336
Tabla número 3
[[-3, 8, 8, 0, -1], [3, 1, 6, -1], [1, -1, 4], [-9, 10], [-7]]
24.497733333333336
Tabla número 4
[[7, 10, -6, 5, 6], [-3, 7, 1, -4], [0, 3, 1], [3, -2], [10]]
23.062933333333334
Tabla número 5
[[-9, 5, 3, 0, 0], [-9, 10, 0, 9], [-9, -3, -5], [-6, 8], [0]]
24.216133333333335
Tabla número 6
[[-8, 8, -4, 5, 0], [3, 6, -4, 8], [-1, -7, -7], [-1, -6], [9]]
23.76233333333333
Tabla número 7
[[1, 1, 3, -5, 10], [9, -6, 0, 0], [1, 9, 4], [9, -10], [5]]
23.76233333333333
Tabla número 8
[[-1, 3, -9, -7, -6], [-2, 6, -2, -3], [-10, 1, -7], [7, 8], [9]]
24.216133333333335
Tabla número 9
[[6, 10, 6, 8, 0], [3, 5, -4, 7], [3, 1, 6], [-9, -9], [0]]
24.216133333333335
Tabla número 10
[[6, -6, -7, 3, 2], [8, 3, -10, -8], [-10, -5, 5], [-8, 0], [10]]
25.841733333333334
Tabla número 11
[[-9, 7, -9, 0, -8], [6, 0, 9, 0], [-6, 1, -2], [9, -2], [8]]
24.0186
Tabla número 12
[[1, -1, -1, -10, 6], [-9, 4, 8, 8], [6, -9, 0], [5, 0], [5]]
24.993466666666677
Tabla número 13
[[9, 4, -6, -3, -10], [10, -6, 3, 0], [-9, -3, -2], [-6, 8], [-4]]
25.490866666666665
Tabla número 14
[[1, 4, 0, -3, 7], [3, 0, 5, 0], [-1, 5, 0], [-4, -9], [-9]]
23.537533333333336
Tabla número 15
[[-2, -8, 2, 7, -4], [5, 0, -1, 1], [-10, 2, -4], [-1, 8], [-8]]
25.24413333333333
Tabla número 16
[[-6, -5, -6, -8, -3], [-10, -3, 4, 3], [-6, 6, 3], [0, 6], [0]]
26.098200000000002
Tabla número 17
[[-3, 9, -6, 1, -8], [-1, -8, -8, -7], [0, -3, -9], [7, -5], [10]]
25.29966666666667
Tabla número 18
[[4, -5, 0, 7, 3], [9, -5, 0, -10], [3, -6, -4], [9, -7], [-2]]
25.903266666666664
Tabla número 19
[[9, 5, -8, -1, 4], [1, 0, -1, 9], [7, 5, -2], [-2, -7], [-9]]
23.771733333333334
