Tabla número 0
[[9, 5, 0, 8, 0], [-9, 10, 0, 0], [7, 0, -5], [3, -7], [0]]
24.497733333333336
Tabla número 1
[[-9, -2, -6, -5, -1], [-2, 0, 0, 0], [-1, 9, -2], [-8, -5], [5]]
24.497733333333336
Tabla número 2
[[4, 5, -6, 7, 0], [-10, -3, -8, -7], [0, 1, 0], [7, 6], [0]]
24.497733333333336
Tabla número 3
[[9, 1, -6, -10, 10], [-7, 4, -4, -5], [1, -9, 2], [7, -10], [-5]]
24.359600000000004
Tabla número 4
[[-3, 1, 4, 0, -2], [4, 9, -4, 6], [-4, -1, 10], [-3, 0], [-5]]
24.5532
Tabla número 5
[[6, 10, -6, -1, 4], [3, 5, 1, 7], [3, 5, -2], [-9, -9], [-9]]
24.497733333333336
Tabla número 6
[[-6, 10, 2, -8, 7], [1, 7, 5, 1], [-6, -3, 1], [0, -2], [10]]
24.5532
Tabla número 7
[[1, 4, 0, 7, -4], [3, 0, -1, 0], [-1, 2, 0], [-1, 8], [-8]]
24.497733333333336
Tabla número 8
[[7, 9, -8, 5, 6], [5, -8, -1, 9], [0, 3, -4], [-2, -5], [-9]]
24.497733333333336
Tabla número 9
[[-1, 3, -9, -7, -6], [-2, 6, -2, -3], [-10, 1, -7], [-1, 8], [-4]]
24.5532
Tabla número 10
[[-2, -8, -9, -3, -8], [6, 3, 9, 3], [-10, 1, 3], [-4, 0], [10]]
25.329066666666666
Tabla número 11
[[1, -5, 8, -5, -10], [3, -6, 5, 10], [-9, -3, -2], [5, 8], [9]]
23.931
Tabla número 12
[[-3, 8, 8, 0, -1], [3, 1, 6, -1], [1, -1, 4], [-9, 10], [-7]]
23.572533333333332
Tabla número 13
[[6, -1, 1, 7, 10], [9, -7, -10, 0], [2, 5, 4], [9, -5], [0]]
24.650333333333332
Tabla número 14
[[-3, -5, -7, 1, -8], [-3, 0, 0, -10], [3, 6, -9], [-6, -7], [10]]
25.81846666666667
Tabla número 15
[[-9, 4, -1, -3, 0], [9, 2, -4, 8], [-1, 9, -4], [-6, -6], [-4]]
25.103133333333336
Tabla número 16
[[-8, -1, 3, 0, 3], [-9, -6, -2, 9], [-9, 5, 0], [9, 0], [5]]
25.427266666666664
Tabla número 17
[[-2, 7, -4, 0, 2], [8, 6, -4, 8], [-10, -6, 6], [7, 8], [9]]
24.944
Tabla número 18
[[1, 8, 6, 5, 6], [10, 0, 8, -4], [6, -7, -7], [-10, -2], [0]]
24.59520000000001
Tabla número 19
[[-9, -6, 0, 3, -3], [6, -5, 4, -8], [-10, -5, 5], [9, -9], [8]]
25.8048
