Tabla número 0
[[6, 10, -4, -1, 2], [8, 5, 1, 8], [-9, 5, 6], [-9, -9], [-9]]
24.96793333333333
Tabla número 1
[[-3, 8, 4, 7, 10], [3, -3, -10, 10], [-4, -3, 0], [-3, 8], [0]]
24.96793333333333
Tabla número 2
[[-8, -1, -6, 0, 4], [3, -6, -2, 7], [3, 5, -2], [7, 8], [5]]
25.490933333333334
Tabla número 3
[[-3, 7, 6, -3, 10], [-2, 9, -4, -9], [-10, 8, -2], [9, -7], [5]]
24.96793333333333
Tabla número 4
[[1, 1, 0, 0, 0], [1, 0, 0, 0], [0, 0, 0], [0, 0], [0]]
24.96793333333333
Tabla número 5
[[-9, -1, -1, 7, -1], [9, 1, -2, 8], [-10, 2, -9], [-6, 8], [-8]]
24.614466666666665
Tabla número 6
[[7, 5, 1, -10, -10], [-3, 3, 5, 6], [10, -1, 3], [3, -10], [-5]]
25.67386666666666
Tabla número 7
[[-1, 4, 2, 0, 3], [-2, 0, 0, 0], [-1, 1, -7], [7, -5], [-5]]
24.5532
Tabla número 8
[[6, -5, -6, -5, -2], [-9, -6, -4, 3], [3, -1, -4], [9, -5], [-7]]
24.96793333333333
Tabla número 9
[[-2, 4, 0, 0, 0], [3, 0, 0, 0], [-1, 1, 0], [-1, 0], [0]]
24.96793333333333
Tabla número 10
[[1, -8, 8, -7, -8], [6, 0, 9, 0], [1, 5, 4], [-9, 8], [10]]
25.657399999999996
Tabla número 11
[[-2, -5, -9, -3, -4], [3, -7, -1, -1], [2, 9, 4], [-4, -5], [0]]
25.42706666666667
Tabla número 12
[[-9, 9, -6, 5, 6], [-10, 2, -1, -4], [-9, 1, -5], [-10, 6], [-9]]
25.238933333333332
Tabla número 13
[[-9, 10, -6, -8, -8], [9, 7, -4, -7], [-10, 6, 5], [-6, -2], [8]]
25.778533333333332
Tabla número 14
[[1, 8, -8, -5, 6], [10, -8, 5, -5], [-10, -7, 0], [-8, -5], [-4]]
24.665866666666663
Tabla número 15
[[9, 5, 3, 1, -1], [-9, 4, 6, 9], [-6, -6, 5], [7, -6], [10]]
26.106533333333335
Tabla número 16
[[9, -2, 8, 8, 7], [5, 10, -4, -10], [7, 9, -4], [5, -7], [-4]]
25.22113333333333
Tabla número 17
[[-2, -6, -9, 5, -6], [-7, 6, 4, -6], [-1, -9, 1], [-2, -2], [10]]
26.26953333333334
Tabla número 18
[[4, 3, -7, 7, 0], [4, 6, -8, 1], [0, -5, 0], [-1, -9], [-5]]
24.69006666666667
Tabla número 19
[[-6, 1, 0, 3, 1], [6, -5, 8, -8], [6, 5, -7], [9, 0], [0]]
25.703933333333335
