Tabla número 0
[[-3, -5, -1, 1, 0], [-3, 0, 0, 8], [3, 9, -9], [-6, -6], [10]]
24.5532
Tabla número 1
[[-2, -8, -9, -3, -8], [6, 3, 9, 3], [-10, 1, 3], [-4, 0], [10]]
24.5532
Tabla número 2
[[-8, -1, -4, 0, 2], [8, -6, -2, 8], [-9, 5, 6], [7, 8], [5]]
24.497733333333336
Tabla número 3
[[-9, -2, -6, -5, -1], [-2, 0, 0, 0], [-1, 9, -2], [-8, -5], [5]]
24.497733333333336
Tabla número 4
[[9, 5, 0, 8, 0], [-9, 10, 0, 0], [7, 0, -5], [3, -7], [0]]
24.497733333333336
Tabla número 5
[[-1, 3, -9, -7, -6], [-2, 6, -2, -3], [-10, 1, -7], [-1, 8], [-4]]
24.5532
Tabla número 6
[[6, 10, -6, -1, 4], [3, 5, 1, 7], [3, 5, -2], [-9, -9], [-9]]
24.497733333333336
Tabla número 7
[[-2, 7, 3, 0, 3], [-9, 6, -4, 9], [-10, -6, 0], [9, 0], [9]]
24.5532
Tabla número 8
[[1, 4, 0, 7, -4], [3, 0, -1, 0], [-1, 2, 0], [-1, 8], [-8]]
24.497733333333336
Tabla número 9
[[4, 5, -6, 7, 0], [-10, -3, -8, -7], [0, 1, 0], [7, 6], [0]]
24.359600000000004
Tabla número 10
[[6, -1, 1, 7, 10], [9, -7, -10, 0], [2, 5, 4], [9, -5], [0]]
25.4782
Tabla número 11
[[-9, -6, 0, 3, -3], [6, -5, 4, -8], [-10, -5, 5], [9, -9], [8]]
26.245999999999995
Tabla número 12
[[-3, 1, 4, 0, -2], [4, 9, -4, 6], [-4, -1, 10], [-3, 0], [-5]]
25.46726666666667
Tabla número 13
[[1, -5, 8, -5, -10], [3, -6, 5, 10], [-9, -3, -2], [5, 8], [9]]
25.2082
Tabla número 14
[[9, 1, -6, -10, 10], [-7, 4, -4, -5], [1, -9, 2], [7, -10], [-5]]
26.014333333333333
Tabla número 15
[[-3, 8, 8, 0, -1], [3, 1, 6, -1], [1, -1, 4], [-9, 10], [-7]]
25.153733333333335
Tabla número 16
[[1, 8, 6, 5, 6], [10, 0, 8, -4], [6, -7, -7], [-10, -2], [0]]
24.31413333333334
Tabla número 17
[[7, 9, -8, 5, 6], [5, -8, -1, 9], [0, 3, -4], [-2, -5], [-9]]
24.43413333333333
Tabla número 18
[[-6, 10, 2, -8, 7], [1, 7, 5, 1], [-6, -3, 1], [0, -2], [10]]
24.30766666666666
Tabla número 19
[[-9, 4, -7, -3, -8], [9, 2, -4, -10], [-1, 6, -4], [-6, -7], [-4]]
26.189399999999996
