Tabla número 0
[[6, 10, -6, -1, 4], [3, 5, 1, 7], [3, 5, -2], [-9, -9], [-9]]
24.5532
Tabla número 1
[[9, 7, 3, -3, 10], [-9, 4, -4, 9], [-6, -6, -2], [9, -7], [5]]
24.816266666666667
Tabla número 2
[[-8, -1, -4, 0, 2], [8, -6, -2, 8], [-9, 5, 6], [7, 8], [5]]
24.240733333333335
Tabla número 3
[[9, -2, 0, 8, 7], [1, 10, 0, -10], [7, 0, -4], [0, -7], [0]]
24.5532
Tabla número 4
[[-9, 10, 0, -8, -8], [6, 7, -4, -8], [-1, 6, 1], [-6, -2], [10]]
24.5532
Tabla número 5
[[-2, -8, -9, -3, -8], [6, -7, 9, 0], [2, 5, 4], [-4, -5], [10]]
24.5532
Tabla número 6
[[1, 1, 8, 0, 0], [5, 0, -4, 0], [0, 9, 1], [5, 0], [-4]]
24.5532
Tabla número 7
[[1, 4, 0, 7, -4], [3, 0, -1, 0], [-1, 2, 0], [-1, 8], [-8]]
24.5532
Tabla número 8
[[-9, -5, 8, -7, -1], [3, 0, -2, -1], [1, 9, 4], [-6, 8], [9]]
24.5532
Tabla número 9
[[-3, 5, 6, 1, -1], [-2, 9, 6, -9], [-10, 8, 5], [7, -6], [10]]
24.789466666666662
Tabla número 10
[[-6, -6, -7, 3, 1], [9, -5, 4, 1], [-10, -5, 5], [9, -9], [8]]
26.0686
Tabla número 11
[[4, 3, -6, 7, 0], [4, 6, -8, -7], [0, -9, 0], [-1, -2], [-5]]
25.236866666666668
Tabla número 12
[[1, 8, -8, 5, 6], [10, -8, 8, 9], [6, -7, -7], [-2, -5], [0]]
25.102933333333336
Tabla número 13
[[-2, -1, -1, 0, 0], [9, 1, 0, 8], [-10, 1, -9], [-9, 0], [0]]
23.98913333333333
Tabla número 14
[[-9, 5, -6, -10, 6], [-9, 2, -4, -4], [10, -1, -5], [3, -10], [-9]]
25.526466666666668
Tabla número 15
[[7, 9, -6, 5, -10], [-10, -3, -1, 10], [-9, 1, -4], [-10, 6], [0]]
24.497733333333336
Tabla número 16
[[6, 8, 1, 7, 10], [-3, 3, -10, 3], [3, -1, 3], [9, 10], [-7]]
24.478866666666665
Tabla número 17
[[-3, -5, 4, -5, -2], [3, -6, 5, 6], [-4, -3, 0], [-3, 8], [-5]]
25.072733333333325
Tabla número 18
[[-1, 1, -9, -5, -6], [-7, 0, 0, 0], [-1, 1, -7], [7, -5], [-4]]
25.199000000000005
Tabla número 19
[[-2, 4, 2, 0, 3], [-2, 6, 5, -5], [-10, 5, 0], [-8, 0], [-5]]
24.427733333333336
