Tabla número 0
[[1, -8, 8, -7, -8], [6, 0, 9, 0], [1, 5, 4], [-9, 8], [10]]
25.67386666666666
Tabla número 1
[[7, 5, 1, -10, -10], [-3, 3, 5, 6], [10, -1, 3], [3, -10], [-5]]
24.96793333333333
Tabla número 2
[[-3, 8, 4, 7, 10], [3, -3, -10, 10], [-4, -3, 0], [-3, 8], [0]]
24.614466666666665
Tabla número 3
[[1, 8, -8, -5, 6], [10, -8, 5, -5], [-10, -7, 0], [-8, -5], [-4]]
24.5532
Tabla número 4
[[-2, -2, -9, 8, -6], [5, 10, 4, -10], [-1, -9, 1], [-2, -7], [-4]]
25.392466666666664
Tabla número 5
[[-9, -1, -1, 7, -1], [9, 1, -2, 8], [-10, 2, -9], [-6, 8], [-8]]
25.490933333333334
Tabla número 6
[[-9, 9, -6, -8, -8], [9, 7, -1, -7], [-9, 1, 5], [-10, 6], [8]]
25.40793333333334
Tabla número 7
[[-8, -1, -6, 0, 4], [3, -6, -2, 7], [3, 5, -2], [7, 8], [5]]
24.614466666666665
Tabla número 8
[[6, 10, -4, -1, 2], [8, 5, 1, 8], [-9, 5, 6], [-9, -9], [-9]]
24.96793333333333
Tabla número 9
[[-9, 10, -6, 5, 6], [-10, 2, -4, -4], [-10, 6, -5], [-6, -2], [-9]]
24.614466666666665
Tabla número 10
[[9, -6, 8, 5, 7], [-7, 6, -4, -6], [7, 9, -4], [5, -2], [10]]
26.150266666666663
Tabla número 11
[[-6, 1, -7, 7, 1], [6, 6, -8, 1], [0, -5, -7], [9, -9], [-5]]
25.195666666666668
Tabla número 12
[[9, 5, 3, 1, -1], [-9, 4, 6, 9], [-6, -6, 5], [7, -6], [10]]
25.779000000000003
Tabla número 13
[[6, -5, -6, -5, -2], [-9, -6, -4, 3], [3, -1, -4], [9, -5], [-7]]
25.397000000000002
Tabla número 14
[[-3, 7, 6, -3, 10], [-2, 9, -4, -9], [-10, 8, -2], [9, -7], [5]]
25.8866
Tabla número 15
[[1, 1, 0, 0, 0], [1, 0, 0, 0], [0, 0, 0], [0, 0], [0]]
25.00813333333333
Tabla número 16
[[4, 3, 0, 3, 0], [4, -5, 8, -8], [6, 5, 0], [-1, 0], [0]]
23.551733333333335
Tabla número 17
[[-1, 4, 2, 0, 3], [-2, 0, 0, 0], [-1, 1, -7], [7, -5], [-5]]
26.21213333333333
Tabla número 18
[[-2, 4, 0, 0, 0], [3, 0, 0, 0], [-1, 1, 0], [-1, 0], [0]]
25.51073333333333
Tabla número 19
[[-2, -5, -9, -3, -4], [3, -7, -1, -1], [2, 9, 4], [-4, -5], [0]]
25.389799999999997
