Tabla número 0
[[9, 1, -6, -10, 10], [-7, 4, -4, -5], [1, -9, 2], [7, -10], [-5]]
24.359600000000004
Tabla número 1
[[-3, 1, 4, 0, -2], [4, 9, -4, 6], [-4, -1, 10], [-3, 0], [-5]]
24.497733333333336
Tabla número 2
[[-3, 8, 8, 0, -1], [3, 1, 6, -1], [1, -1, 4], [-9, 10], [-7]]
23.931
Tabla número 3
[[-3, -5, -6, 1, -8], [-10, -3, -8, -7], [0, 6, -9], [7, 6], [10]]
23.062933333333334
Tabla número 4
[[-1, 3, -9, -7, -6], [-2, 6, -2, -3], [-10, 1, -7], [7, 8], [9]]
24.5532
Tabla número 5
[[1, 4, 0, 7, -4], [3, 0, -1, 0], [-1, 2, 0], [-1, 8], [-8]]
23.931
Tabla número 6
[[-2, -8, 0, -3, -3], [6, -5, 4, 3], [-10, -5, 3], [-4, -9], [8]]
24.359600000000004
Tabla número 7
[[6, -1, -6, 7, -1], [-1, 0, -10, 0], [2, 5, -2], [-8, -5], [0]]
24.497733333333336
Tabla número 8
[[6, 10, -6, -1, 4], [3, 5, 1, 7], [3, 5, -2], [-9, -9], [-9]]
24.497733333333336
Tabla número 9
[[-9, -2, 1, -5, 10], [9, -7, 0, 0], [-1, 9, 4], [9, -5], [5]]
24.359600000000004
Tabla número 10
[[9, 5, -7, 8, 0], [-3, 0, 0, -10], [7, 1, 0], [3, -7], [0]]
26.528333333333332
Tabla número 11
[[4, 5, 0, 7, 0], [-9, 10, 0, -2], [3, 0, -5], [-6, -7], [0]]
26.849666666666664
Tabla número 12
[[7, 10, -8, 5, 6], [1, 7, -1, 9], [0, 3, 1], [-2, -2], [10]]
25.141999999999996
Tabla número 13
[[-6, 9, 2, -8, 7], [5, -8, 5, 1], [-6, -3, -4], [0, -5], [-9]]
24.442466666666668
Tabla número 14
[[-2, 7, 6, 0, 2], [8, 0, -4, -4], [-6, -6, 6], [-10, -2], [0]]
24.947466666666667
Tabla número 15
[[1, 8, -4, 5, 6], [10, 6, 8, 8], [6, -7, -7], [-1, 8], [-4]]
24.910933333333332
Tabla número 16
[[1, -1, 3, -5, -10], [-9, -6, 5, 10], [-9, 5, -2], [5, 0], [5]]
24.511866666666663
Tabla número 17
[[-9, -6, -9, 3, -8], [6, 3, 9, -8], [-10, 1, 5], [9, 0], [10]]
27.634733333333337
Tabla número 18
[[-9, -5, 8, 0, 3], [9, 2, -2, 9], [-9, -3, -4], [9, 8], [-4]]
24.2908
Tabla número 19
[[-8, 4, -1, -3, 0], [3, -6, -4, 8], [-1, -3, 0], [-6, -6], [9]]
24.951066666666666
