Tabla número 0
[[4, 5, -6, 7, 0], [-10, -3, -8, -7], [0, 1, 0], [7, 6], [0]]
24.359600000000004
Tabla número 1
[[-8, -1, -4, 0, 2], [8, -6, -2, 8], [-9, 5, 6], [7, 8], [5]]
24.497733333333336
Tabla número 2
[[-2, -8, -9, -3, -8], [6, 3, 9, 3], [-10, 1, 3], [-4, 0], [10]]
24.5532
Tabla número 3
[[6, -1, 1, 7, 10], [9, -7, -10, 0], [2, 5, 4], [9, -5], [0]]
24.5532
Tabla número 4
[[-3, -5, -1, 1, 0], [-3, 0, 0, 8], [3, 9, -9], [-6, -6], [10]]
24.5532
Tabla número 5
[[1, 8, -8, 5, 6], [10, -8, 8, 9], [6, -7, -7], [-2, -5], [0]]
24.497733333333336
Tabla número 6
[[-1, 3, -9, -7, -6], [-2, 6, -2, -3], [-10, 1, -7], [-1, 8], [-4]]
24.497733333333336
Tabla número 7
[[-9, -6, 0, 3, 1], [6, -5, 4, -8], [-10, -5, 5], [9, -9], [8]]
25.089533333333335
Tabla número 8
[[1, 4, 0, 7, -4], [3, 0, -1, 0], [-1, 2, 0], [-1, 8], [-8]]
24.497733333333336
Tabla número 9
[[-6, 10, -7, -8, -8], [9, 7, -4, 1], [-1, 6, 1], [-6, -2], [10]]
24.497733333333336
Tabla número 10
[[-2, 7, 3, 0, 3], [-9, 6, -4, 9], [-10, -6, 0], [9, 0], [9]]
25.131133333333327
Tabla número 11
[[6, 10, -6, -1, 4], [3, 5, 1, 7], [3, 5, -2], [-9, -9], [-9]]
25.380466666666667
Tabla número 12
[[9, 1, -6, -10, 10], [-7, 4, -4, -5], [1, -9, 2], [7, -10], [-5]]
24.8004
Tabla número 13
[[-9, -2, -6, -5, -1], [-2, 0, 0, 0], [-1, 9, -2], [-8, -5], [5]]
25.846866666666667
Tabla número 14
[[-3, 8, 8, 0, -1], [3, 1, 6, -1], [1, -1, 4], [-9, 10], [-7]]
24.27186666666666
Tabla número 15
[[9, 5, 0, 8, 0], [-9, 10, 0, 0], [7, 0, -5], [3, -7], [0]]
25.41693333333334
Tabla número 16
[[-9, 4, 2, -3, 7], [1, 2, 5, -10], [-6, -3, -4], [0, -7], [-4]]
25.049333333333333
Tabla número 17
[[-3, -5, 4, -5, -2], [3, -6, 5, 6], [-4, -3, -2], [-3, 8], [-5]]
24.9082
Tabla número 18
[[1, 1, 8, 0, -10], [4, 9, -4, 10], [-9, -1, 10], [5, 0], [9]]
25.346799999999998
Tabla número 19
[[7, 9, 6, 5, 6], [5, 0, -1, -4], [0, 3, -4], [-10, -2], [-9]]
25.3132
