Tabla número 0
[[6, 10, -6, -1, 4], [3, 5, 1, 7], [3, 5, -2], [-9, -9], [-9]]
24.497733333333336
Tabla número 1
[[9, 1, -6, -10, 10], [-7, 4, -4, -5], [1, -9, 2], [7, -10], [-5]]
24.359600000000004
Tabla número 2
[[9, 5, 0, 8, 0], [-9, 10, 0, 0], [7, 0, -5], [3, -7], [0]]
24.497733333333336
Tabla número 3
[[1, 8, 6, 5, 6], [10, 0, 8, -4], [6, -7, -7], [-10, -2], [0]]
23.931
Tabla número 4
[[-9, 4, -1, -3, 0], [9, 2, -4, 8], [-1, 9, -4], [-6, -6], [-4]]
24.5532
Tabla número 5
[[-3, 8, 8, 0, -1], [3, 1, 6, -1], [1, -1, 4], [-9, 10], [-7]]
24.497733333333336
Tabla número 6
[[1, 4, 0, 7, -4], [3, 0, -1, 0], [-1, 2, 0], [-1, 8], [-8]]
24.359600000000004
Tabla número 7
[[-3, 1, 4, 0, -2], [4, 9, -4, 6], [-4, -1, 10], [-3, 0], [-5]]
24.497733333333336
Tabla número 8
[[-6, 10, 2, -8, 7], [1, 7, 5, 1], [-6, -3, 1], [0, -2], [10]]
24.497733333333336
Tabla número 9
[[7, 9, -8, 5, 6], [5, -8, -1, 9], [0, 3, -4], [-2, -5], [-9]]
24.497733333333336
Tabla número 10
[[-1, 3, -9, -7, -6], [-2, 6, -2, -3], [-10, 1, -7], [7, 8], [9]]
26.315333333333335
Tabla número 11
[[-2, 7, -4, 0, 2], [8, 6, -4, 8], [-10, -6, 6], [-1, 8], [-4]]
23.062933333333334
Tabla número 12
[[6, -1, -6, 7, -1], [-1, 0, -10, 0], [2, 5, -2], [-8, -5], [0]]
27.0776
Tabla número 13
[[-9, -2, 1, -5, 10], [9, -7, 0, 0], [-1, 9, 4], [9, -5], [5]]
24.952666666666673
Tabla número 14
[[1, -1, 3, -5, -10], [-9, -6, 5, 10], [-9, 5, -2], [5, 0], [5]]
24.8498
Tabla número 15
[[-8, -5, 8, 0, 3], [3, -6, -2, 9], [-9, -3, 0], [9, 8], [9]]
25.76146666666666
Tabla número 16
[[4, 5, -7, 7, 0], [-3, 0, 0, -10], [3, 1, 0], [-6, -7], [0]]
25.460399999999996
Tabla número 17
[[-3, -5, -6, 1, -8], [-10, -3, -8, -7], [0, 6, -9], [7, 6], [10]]
26.59366666666666
Tabla número 18
[[-2, -8, 0, -3, -3], [6, -5, 4, 3], [-10, -5, 3], [-4, -9], [8]]
25.460866666666668
Tabla número 19
[[-9, -6, -9, 3, -8], [6, 3, 9, -8], [-10, 1, 5], [9, 0], [10]]
25.547333333333334
