Tabla número 0
[[-3, 8, 8, 0, -1], [3, 1, 6, -1], [1, -1, 4], [-9, 10], [-7]]
24.497733333333336
Tabla número 1
[[-9, -6, -9, 3, -8], [6, 3, 9, -8], [-10, 1, 5], [9, 0], [10]]
23.76233333333333
Tabla número 2
[[-3, 1, 4, 0, -2], [4, 9, -4, 6], [-4, -1, 10], [-3, 0], [-5]]
23.931
Tabla número 3
[[-3, -5, -6, 1, -8], [-10, -3, -8, -7], [0, 6, -9], [7, 6], [10]]
23.062933333333334
Tabla número 4
[[1, 4, 0, 7, -4], [3, 0, -1, 0], [-1, 2, 0], [-1, 8], [-8]]
23.931
Tabla número 5
[[-9, -2, 1, -5, 10], [9, -7, 0, 0], [-1, 9, 4], [9, -5], [5]]
24.359600000000004
Tabla número 6
[[1, 8, -4, 5, 6], [10, 6, 8, 8], [6, -7, -7], [-1, 8], [-4]]
24.497733333333336
Tabla número 7
[[-1, 3, -9, -7, -6], [-2, 6, -2, -3], [-10, 1, -7], [7, 8], [9]]
23.931
Tabla número 8
[[7, 10, -8, 5, 6], [1, 7, -1, 9], [0, 3, 1], [-2, -2], [10]]
23.062933333333334
Tabla número 9
[[-8, 4, -1, -3, 0], [3, -6, -4, 8], [-1, -3, 0], [-6, -6], [9]]
25.141999999999996
Tabla número 10
[[1, 1, 3, -5, 10], [-7, -6, 5, 10], [1, 5, 2], [7, -10], [-5]]
24.67546666666666
Tabla número 11
[[9, -1, -6, -10, -10], [-9, 4, -4, -5], [-9, -9, -2], [5, 0], [5]]
27.53666666666667
Tabla número 12
[[-2, -1, 0, 7, -1], [6, -5, 0, -10], [2, -6, 0], [-10, -5], [-2]]
26.9496
Tabla número 13
[[6, 7, -7, 0, 2], [8, 0, -10, 0], [-6, -5, -2], [-8, -2], [8]]
24.967066666666664
Tabla número 14
[[9, 5, -6, -1, 4], [-3, 0, 1, -4], [7, 5, -2], [3, -7], [-9]]
24.758999999999997
Tabla número 15
[[6, 10, 6, 8, 0], [3, 5, -4, 7], [3, 1, 6], [-9, -9], [0]]
25.316399999999998
Tabla número 16
[[-2, -8, 2, -3, 7], [5, 0, 5, 1], [-10, 5, -4], [-4, -9], [-9]]
25.255
Tabla número 17
[[-6, 9, -6, -8, -3], [-1, -8, 4, 3], [-6, -3, 3], [0, -5], [0]]
25.47073333333333
Tabla número 18
[[-9, 5, 3, 0, 0], [-9, 10, 0, 9], [-9, -3, -5], [-6, 8], [0]]
24.216133333333335
Tabla número 19
[[4, -5, 8, 7, 3], [9, 2, -2, -2], [3, 0, -4], [9, -7], [-4]]
25.349333333333337
