Tabla número 0
[[-3, 5, 6, 1, -1], [-2, 9, 6, -9], [-10, 8, 5], [7, -6], [10]]
24.789466666666662
Tabla número 1
[[9, -2, 0, 8, 7], [1, 10, 0, -10], [7, 0, -4], [0, -7], [0]]
24.5532
Tabla número 2
[[-2, -8, -9, -3, -8], [6, -7, 9, 0], [2, 5, 4], [-4, -5], [10]]
24.5532
Tabla número 3
[[1, 8, -8, 5, 6], [10, -8, 8, -6], [6, -7, -7], [-2, -5], [0]]
24.5532
Tabla número 4
[[6, -5, 1, 7, 10], [-3, 3, 5, 6], [3, -3, 3], [-3, 10], [-5]]
24.5532
Tabla número 5
[[6, 10, -6, -1, 4], [3, 5, 1, 7], [3, 5, -2], [-9, -9], [-9]]
24.5532
Tabla número 6
[[7, 5, -6, -10, -10], [-9, -3, -4, 10], [10, -1, -4], [3, -10], [0]]
24.5532
Tabla número 7
[[-2, 1, -9, -5, -6], [-7, 6, 5, -5], [-10, 5, 0], [-8, 0], [-4]]
24.5532
Tabla número 8
[[-9, 10, 0, -8, -8], [6, 7, -4, -8], [-1, 6, 1], [-6, -2], [10]]
24.5532
Tabla número 9
[[-3, 8, 4, -5, -2], [3, -6, -10, 3], [-4, -1, 0], [9, 8], [-7]]
24.5532
Tabla número 10
[[1, 4, 0, 7, -4], [3, 0, -1, 0], [-1, 2, 0], [-1, 8], [-8]]
24.816266666666667
Tabla número 11
[[9, 7, 3, -3, 10], [-9, 4, -4, 9], [-6, -6, -2], [9, -7], [5]]
24.240733333333335
Tabla número 12
[[-2, -1, -1, 0, 0], [9, 1, 0, 8], [-10, 1, -9], [-9, 0], [0]]
25.16753333333333
Tabla número 13
[[-6, -6, -6, 3, 1], [9, -5, 4, -7], [-10, -9, 5], [9, -2], [8]]
25.741333333333337
Tabla número 14
[[-8, -1, -4, 0, 2], [8, -6, -2, 8], [-9, 5, 6], [7, 8], [5]]
24.47013333333333
Tabla número 15
[[1, 1, 8, 0, 0], [5, 0, -4, 0], [0, 9, 1], [5, 0], [-4]]
24.926266666666667
Tabla número 16
[[-9, -5, 8, -7, -1], [3, 0, -2, -1], [1, 9, 4], [-6, 8], [9]]
25.248266666666666
Tabla número 17
[[-9, 9, -6, 5, 6], [-10, 2, -1, -4], [-9, 1, -5], [-10, 6], [-9]]
24.852333333333334
Tabla número 18
[[4, 3, -7, 7, 0], [4, 6, -8, 1], [0, -5, 0], [-1, -9], [-5]]
25.768066666666673
Tabla número 19
[[-1, 4, 2, 0, 3], [-2, 0, 0, 0], [-1, 1, -7], [7, -5], [-5]]
24.730466666666675
