Tabla número 0
[[-9, 5, 3, 0, 0], [-9, 10, 0, 9], [-9, -3, -5], [-6, 8], [0]]
24.216133333333335
Tabla número 1
[[-6, 9, -6, -8, -3], [-1, -8, 4, 3], [-6, -3, 3], [0, -5], [0]]
25.47073333333333
Tabla número 2
[[-3, 8, 8, 0, -1], [3, 1, 6, -1], [1, -1, 4], [-9, 10], [-7]]
24.497733333333336
Tabla número 3
[[-1, 3, -9, -7, -6], [-2, 6, -2, -3], [-10, 1, -7], [7, 8], [9]]
24.497733333333336
Tabla número 4
[[1, 4, 0, 7, -4], [3, 0, -1, 0], [-1, 2, 0], [-1, 8], [-8]]
23.062933333333334
Tabla número 5
[[-3, 1, 4, 0, -2], [4, 9, -4, 6], [-4, -1, 10], [-3, 0], [-5]]
23.76233333333333
Tabla número 6
[[-3, -5, -6, 1, -8], [-10, -3, -8, -7], [0, 6, -9], [7, 6], [10]]
23.76233333333333
Tabla número 7
[[6, 10, 6, 8, 0], [3, 5, -4, 7], [3, 1, 6], [-9, -9], [0]]
23.062933333333334
Tabla número 8
[[-2, -8, 2, -3, 7], [5, 0, 5, 1], [-10, 5, -4], [-4, -9], [-9]]
23.062933333333334
Tabla número 9
[[-9, -6, -9, 3, -8], [6, 3, 9, -8], [-10, 1, 5], [9, 0], [10]]
24.497733333333336
Tabla número 10
[[4, -5, 0, 7, 3], [9, -5, 0, -10], [3, -6, -4], [9, -7], [-2]]
25.393466666666665
Tabla número 11
[[-2, -1, 8, 7, -1], [6, 2, -2, -2], [2, 0, 0], [-10, -5], [-4]]
25.94266666666667
Tabla número 12
[[7, 10, -6, 5, 6], [-3, 7, 1, -4], [0, 3, 1], [3, -2], [10]]
25.900066666666667
Tabla número 13
[[9, 5, -8, -1, 4], [1, 0, -1, 9], [7, 5, -2], [-2, -7], [-9]]
24.708466666666666
Tabla número 14
[[1, 4, -1, -3, 6], [10, -6, 8, 8], [6, -3, 0], [-6, 8], [-4]]
24.350399999999997
Tabla número 15
[[-8, 8, -4, 5, 0], [3, 6, -4, 8], [-1, -7, -7], [-1, -6], [9]]
25.593333333333337
Tabla número 16
[[1, 1, 3, -5, 10], [9, -6, 0, 0], [1, 9, 4], [9, -10], [5]]
25.194799999999997
Tabla número 17
[[-9, -2, 1, -5, 10], [-7, -7, 5, 10], [-1, 5, 2], [7, -5], [-5]]
25.440999999999995
Tabla número 18
[[9, -1, -6, -10, -10], [-9, 4, 3, -5], [-9, -9, -2], [5, 0], [5]]
27.092533333333336
Tabla número 19
[[6, 7, -7, 0, 2], [8, 0, -10, 0], [-6, -5, -2], [-8, -2], [8]]
25.02966666666667
