Tabla número 0
[[1, 8, -8, 5, 6], [10, -8, 8, 9], [6, -7, -7], [-2, -5], [0]]
24.5532
Tabla número 1
[[-8, -1, -4, 0, 2], [8, -6, -2, 8], [-9, 5, 6], [7, 8], [5]]
24.816266666666667
Tabla número 2
[[-1, 1, -9, -5, -6], [-7, 0, 0, 0], [-1, 1, -7], [7, -5], [-4]]
24.5532
Tabla número 3
[[-3, -5, 8, 1, -1], [3, 0, 6, -1], [1, 9, 4], [-6, -6], [10]]
25.089533333333335
Tabla número 4
[[-3, -5, 4, -5, -2], [3, -6, 5, 6], [-4, -3, 0], [-3, 8], [-5]]
24.497733333333336
Tabla número 5
[[1, 4, 0, 7, -4], [3, 0, -1, 0], [-1, 2, 0], [-1, 8], [-8]]
24.497733333333336
Tabla número 6
[[-3, 8, -1, 0, 0], [-3, 1, 0, 8], [3, -1, -9], [-9, 10], [-7]]
24.5532
Tabla número 7
[[7, 9, -6, 5, -10], [-10, -3, -1, 10], [-9, 1, -4], [-10, 6], [0]]
24.497733333333336
Tabla número 8
[[6, 10, -6, -1, 4], [3, 5, 1, 7], [3, 5, -2], [-9, -9], [-9]]
24.497733333333336
Tabla número 9
[[-2, 7, 3, 0, 3], [-9, 6, -4, 9], [-10, -6, 0], [9, 0], [9]]
24.497733333333336
Tabla número 10
[[-9, -6, 0, 3, 1], [6, -5, 4, -8], [-10, -5, 5], [9, -9], [8]]
26.706733333333332
Tabla número 11
[[-6, 10, -7, -8, -8], [9, 7, -4, 1], [-1, 6, 1], [-6, -2], [10]]
25.372733333333333
Tabla número 12
[[9, 4, 2, -3, 10], [-2, 4, 5, -5], [-6, -3, -2], [-8, -7], [5]]
25.931800000000003
Tabla número 13
[[1, 1, 8, 0, 6], [5, 0, -4, -4], [0, -1, 10], [5, 0], [-9]]
25.7154
Tabla número 14
[[9, 5, 0, 8, 0], [-9, 10, 0, 0], [7, 0, -5], [3, -7], [0]]
26.002000000000002
Tabla número 15
[[-9, -2, -6, -10, 7], [1, 2, -4, -10], [1, 9, -4], [0, -10], [-4]]
25.000666666666667
Tabla número 16
[[4, 5, 6, 7, 0], [4, 9, -8, -7], [0, 8, 0], [7, -2], [9]]
24.840866666666667
Tabla número 17
[[-9, 3, -6, -7, -1], [-2, 6, -2, -9], [-10, -9, 2], [-1, 8], [-5]]
25.303333333333335
Tabla número 18
[[-2, -8, -9, -3, -8], [6, 3, 9, 0], [2, 1, 4], [-4, 0], [10]]
25.1256
Tabla número 19
[[6, -1, 1, 7, 10], [9, -7, -10, 3], [-10, 5, 3], [9, -5], [0]]
24.816466666666667
