Tabla número 0
[[6, 10, -6, -1, 4], [3, 5, 1, 7], [3, 5, -2], [-9, -9], [-9]]
24.497733333333336
Tabla número 1
[[1, 8, -8, 5, 6], [10, -8, 8, 9], [6, -7, -7], [-2, -5], [0]]
24.5532
Tabla número 2
[[9, 5, 0, 8, 0], [-9, 10, 0, 0], [7, 0, -5], [3, -7], [0]]
25.372733333333333
Tabla número 3
[[1, 4, 0, 7, -4], [3, 0, -1, 0], [-1, 2, 0], [-1, 8], [-8]]
25.089533333333335
Tabla número 4
[[-2, 7, 3, 0, 3], [-9, 6, -4, 9], [-10, -6, 0], [9, 0], [9]]
24.497733333333336
Tabla número 5
[[-6, 10, -7, -8, -8], [9, 7, -4, 1], [-1, 6, 1], [-6, -2], [10]]
24.497733333333336
Tabla número 6
[[-8, -1, -4, 0, 2], [8, -6, -2, 8], [-9, 5, 6], [7, 8], [5]]
24.5532
Tabla número 7
[[1, 1, 8, 0, 6], [5, 0, -4, -4], [0, -1, 10], [5, 0], [-9]]
25.089533333333335
Tabla número 8
[[-9, -6, 0, 3, 1], [6, -5, 4, -8], [-10, -5, 5], [9, -9], [8]]
24.5532
Tabla número 9
[[-3, -5, 4, -5, -2], [3, -6, 5, 6], [-4, -3, 0], [-3, 8], [-5]]
24.5532
Tabla número 10
[[-9, 1, -6, -5, -1], [-7, 0, 0, 0], [-1, -9, 2], [7, -5], [-5]]
24.8906
Tabla número 11
[[-1, 3, -9, -7, -6], [-2, 6, -2, -3], [-10, 1, -7], [-1, 8], [-4]]
25.795400000000004
Tabla número 12
[[6, -1, 1, 7, 10], [9, -7, -10, 0], [2, 5, 4], [9, -5], [0]]
25.021866666666664
Tabla número 13
[[-2, -8, -9, -3, -8], [6, 3, 9, 3], [-10, 1, 3], [-4, 0], [10]]
25.678266666666662
Tabla número 14
[[-3, -5, -1, 1, 0], [-3, 0, 0, 8], [3, 9, -9], [-6, -6], [10]]
25.3248
Tabla número 15
[[-3, 8, 8, 0, -1], [3, 1, 6, -1], [1, -1, 4], [-9, 10], [-7]]
24.280799999999996
Tabla número 16
[[-9, 4, 2, -3, 7], [1, 2, 5, -10], [-6, -3, -4], [0, -7], [-4]]
25.8582
Tabla número 17
[[9, -2, -6, -10, 10], [-2, 4, -4, -5], [1, 9, -2], [-8, -10], [5]]
25.054066666666667
Tabla número 18
[[7, 9, 6, 5, -10], [4, 9, -1, 10], [-9, 3, -4], [-10, -2], [9]]
24.359600000000004
Tabla número 19
[[4, 5, -6, 7, 0], [-10, -3, -8, -7], [0, 1, 0], [7, 6], [0]]
25.3642
