Tabla número 0
[[-1, 4, 2, 0, 3], [-2, 0, 0, 0], [-1, 1, -7], [7, -5], [-5]]
24.5532
Tabla número 1
[[-2, 4, 0, 0, 0], [3, 0, 0, 0], [-1, 1, 0], [-1, 0], [0]]
24.96793333333333
Tabla número 2
[[1, 8, -8, -5, 6], [10, -8, 5, -5], [-10, -7, 0], [-8, -5], [-4]]
25.238933333333332
Tabla número 3
[[6, 10, -4, -1, 2], [8, 5, 1, 8], [-9, 5, 6], [-9, -9], [-9]]
24.96793333333333
Tabla número 4
[[-9, 10, -6, -8, -8], [9, 7, -4, -7], [-10, 6, 5], [-6, -2], [8]]
24.96793333333333
Tabla número 5
[[7, 5, 1, -10, -10], [-3, 3, 5, 6], [10, -1, 3], [3, -10], [-5]]
24.96793333333333
Tabla número 6
[[-9, -1, -1, 7, -1], [9, 1, -2, 8], [-10, 2, -9], [-6, 8], [-8]]
24.96793333333333
Tabla número 7
[[-9, 9, -6, 5, 6], [-10, 2, -1, -4], [-9, 1, -5], [-10, 6], [-9]]
24.96793333333333
Tabla número 8
[[-8, -1, -6, 0, 4], [3, -6, -2, 7], [3, 5, -2], [7, 8], [5]]
24.96793333333333
Tabla número 9
[[-3, 7, 6, -3, 10], [-2, 9, -4, -9], [-10, 8, -2], [9, -7], [5]]
24.96793333333333
Tabla número 10
[[9, 5, 3, 1, -1], [-9, 4, 6, 9], [-6, -6, 5], [7, -6], [10]]
24.520333333333326
Tabla número 11
[[4, 3, -7, 7, 0], [4, 6, -8, 1], [0, -5, 0], [-1, -9], [-5]]
24.71333333333333
Tabla número 12
[[1, 1, 8, 0, 0], [5, 0, -4, 0], [0, 9, 1], [5, 0], [-4]]
25.828733333333332
Tabla número 13
[[9, -2, 0, 8, 7], [1, 10, 0, -10], [7, 0, -4], [0, -7], [0]]
25.15486666666667
Tabla número 14
[[-6, -6, 0, 3, 1], [6, -5, 4, -8], [-1, -9, 1], [9, -2], [10]]
26.93946666666666
Tabla número 15
[[-2, 1, -9, 5, -6], [-7, 6, 8, -6], [6, 5, -7], [-2, 0], [0]]
24.8644
Tabla número 16
[[-3, 8, 4, -5, -2], [3, -6, -10, 3], [-4, -1, 0], [9, 8], [-7]]
24.324666666666666
Tabla número 17
[[6, -5, -6, 7, 10], [-9, -3, -4, 10], [3, -3, -4], [-3, -5], [0]]
25.575
Tabla número 18
[[1, -5, 8, -7, -4], [3, 0, -1, -1], [1, 9, 4], [-9, 8], [0]]
24.8744
Tabla número 19
[[-2, -8, -9, -3, -8], [6, -7, 9, 0], [2, 5, 4], [-4, -5], [10]]
25.87946666666667
