Tabla número 0
[[-2, 1, -2, -10, -7], [-7, 0, 6, -6], [-5, 2, -3], [-1, 0], [0]]
32.131142857142855
Tabla número 1
[[-5, -2, 7, -7, 9], [5, 5, -7, -9], [1, 1, 6], [0, 7], [-3]]
36.03071428571429
Tabla número 2
[[2, 1, -9, 9, -3], [-5, -6, -9, -5], [-1, 0, 6], [-1, 6], [-1]]
34.37214285714286
Tabla número 3
[[-3, 9, 0, 0, 4], [-10, -7, -5, 10], [-5, -6, -8], [2, -9], [1]]
32.131142857142855
Tabla número 4
[[-5, 10, 9, 0, -2], [-5, -4, -8, 3], [0, -8, 2], [5, 1], [-1]]
36.16442857142857
Tabla número 5
[[-8, -2, 0, 1, 6], [-9, 3, 6, -10], [6, 1, 0], [-3, -3], [0]]
32.131142857142855
Tabla número 6
[[4, -9, 10, -6, 0], [2, 0, 1, 4], [-1, 10, 7], [-1, 6], [-7]]
35.44885714285714
Tabla número 7
[[6, -8, -5, 7, -6], [7, 5, 10, 3], [6, 5, 10], [3, 5], [4]]
32.131142857142855
Tabla número 8
[[10, 4, -6, 0, 3], [-3, -9, -1, 8], [-1, 4, 5], [4, 6], [3]]
32.131142857142855
Tabla número 9
[[-7, -7, -4, 10, -7], [1, -4, 1, -4], [0, -5, -3], [9, -10], [-10]]
32.131142857142855
Tabla número 10
[[4, -7, 6, 5, 3], [1, -10, 0, -4], [-1, -6, 4], [9, -8], [-7]]
32.131142857142855
Tabla número 11
[[0, -5, 0, -10, 8], [-5, 9, 0, -5], [0, -6, 5], [2, -10], [5]]
32.131142857142855
Tabla número 12
[[9, 3, -2, -9, 10], [2, 2, 3, -10], [-1, -6, -9], [-1, 4], [-2]]
32.131142857142855
Tabla número 13
[[-8, -2, -6, 0, 0], [-5, -4, 10, -7], [-2, 0, -1], [4, 4], [3]]
32.131142857142855
Tabla número 14
[[9, 3, -5, -2, -1], [-7, -4, 4, 5], [0, 0, -1], [6, 4], [-10]]
32.131142857142855
Tabla número 15
[[10, 7, -8, -4, -2], [-9, 3, -6, 1], [-2, -3, -6], [-6, 1], [1]]
32.131142857142855
Tabla número 16
[[4, -2, 0, -9, 1], [10, 5, -5, -2], [6, 2, 0], [-1, -3], [0]]
32.131142857142855
Tabla número 17
[[-3, 5, 2, 0, -10], [-2, 0, 3, 2], [-9, -5, 8], [-9, 8], [-2]]
32.131142857142855
Tabla número 18
[[8, -7, -5, -10, 4], [2, -10, 5, 9], [2, 6, 4], [5, 3], [6]]
32.131142857142855
Tabla número 19
[[-4, -7, 0, -5, -3], [-2, -4, 0, 1], [4, -1, -5], [8, 3], [6]]
32.131142857142855
Tabla número 20
[[-1, -5, -2, -5, 8], [3, 10, 4, 7], [-2, 10, 0], [9, -6], [0]]
35.936571428571426
Tabla número 21
[[-9, -2, -1, -4, 4], [-2, 0, 9, 5], [-7, 10, -9], [-8, -4], [-9]]
36.53885714285714
Tabla número 22
[[-4, 4, -3, -1, 4], [-9, 6, 3, -2], [-3, 5, -3], [-3, 1], [-7]]
37.160714285714285
Tabla número 23
[[5, 9, 4, 10, 7], [0, -3, -10, 3], [-9, -9, 0], [-2, 5], [-7]]
36.422
Tabla número 24
[[-7, 8, -3, -6, 3], [5, -7, 1, 1], [7, -3, 6], [-1, -5], [-4]]
34.960857142857144
Tabla número 25
[[-4, -4, -10, -6, -9], [-6, 3, 0, 6], [2, 3, 10], [10, 8], [4]]
34.71742857142857
Tabla número 26
[[1, 7, 2, 1, -2], [-10, -7, -10, 0], [5, 7, 8], [-5, 1], [9]]
35.952857142857134
Tabla número 27
[[-8, 3, 6, -9, 8], [4, 5, -10, 8], [-10, 2, 8], [-5, 0], [9]]
35.20614285714286
Tabla número 28
[[7, 0, 3, -7, 0], [-5, -5, -1, 10], [7, 1, -5], [-9, -2], [-9]]
36.31957142857143
Tabla número 29
[[4, 4, 2, 8, -1], [1, -9, -8, -6], [3, -6, 4], [0, -10], [-1]]
34.48814285714286
Tabla número 30
[[3, -9, 1, 3, 6], [-6, 5, 0, 8], [-1, 10, -1], [0, -9], [8]]
35.507714285714286
Tabla número 31
[[3, -1, 5, 3, 10], [-3, 4, 0, -1], [-5, 9, 5], [1, 3], [7]]
36.59814285714286
Tabla número 32
[[-3, -6, 4, -1, -10], [4, -4, 6, 3], [-10, 1, 6], [-6, 4], [-5]]
34.34000000000001
Tabla número 33
[[1, -3, 2, 5, 0], [1, 0, -10, -6], [-3, 6, -10], [-5, 0], [0]]
39.23771428571428
Tabla número 34
[[-5, 5, -8, 0, 5], [3, -5, -8, 10], [-6, 2, 8], [4, 0], [-9]]
35.733428571428576
Tabla número 35
[[8, -8, 1, 5, 0], [-7, 8, 9, 3], [-5, -10, -5], [7, 0], [10]]
37.67028571428572
Tabla número 36
[[2, 1, 7, 7, 8], [-9, -7, -4, 0], [-2, 6, -3], [10, 0], [5]]
37.570571428571434
Tabla número 37
[[4, 0, -10, 8, -1], [1, -7, -4, 0], [4, -6, -4], [-8, 0], [-5]]
35.59771428571429
Tabla número 38
[[4, -4, -10, -9, 5], [-1, -1, 7, 0], [9, 10, -5], [3, -1], [-2]]
37.53228571428571
Tabla número 39
[[2, 8, -7, -1, 9], [2, 6, -2, 10], [0, 3, 7], [10, -4], [-4]]
36.68714285714286
