Tabla número 0
[[1, -4, 2, -4, 8], [3, 5, -6, 0], [7, -3, 0], [-9, 8], [-2]]
34.41128571428571
Tabla número 1
[[-4, 0, 4, 10, -1], [1, 0, 7, 2], [0, -6, 0], [10, 0], [0]]
32.131142857142855
Tabla número 2
[[0, -5, 4, -1, 0], [1, -1, 0, 3], [4, 6, -1], [-1, 4], [0]]
33.974
Tabla número 3
[[10, 4, -6, 0, 3], [-3, -9, -1, 8], [-1, 4, 5], [4, 6], [3]]
33.974
Tabla número 4
[[1, 3, 0, -9, 0], [-5, 0, 1, 1], [-1, 2, 8], [-5, -3], [-7]]
36.287
Tabla número 5
[[-1, -9, 3, -5, 6], [10, 5, 9, -6], [-7, 1, 0], [-1, 3], [6]]
33.974
Tabla número 6
[[2, 1, -10, 7, 0], [-5, -9, -1, 0], [4, -6, -1], [4, 0], [3]]
34.11642857142858
Tabla número 7
[[-9, 0, 10, 5, 8], [-2, 0, 0, 7], [-10, 10, -5], [-6, 4], [0]]
34.11642857142858
Tabla número 8
[[-5, -6, -10, 10, 10], [5, 9, 10, -5], [-1, -6, 4], [-9, 5], [7]]
32.131142857142855
Tabla número 9
[[-7, 5, 0, -2, 4], [1, -6, 6, 10], [-5, -6, -3], [2, 5], [8]]
32.131142857142855
Tabla número 10
[[6, 3, 2, 7, -6], [-2, 5, 3, 10], [0, 1, 5], [9, -10], [5]]
32.131142857142855
Tabla número 11
[[-3, -2, -1, 0, 5], [4, -7, 4, -9], [-2, 7, -4], [-5, -10], [4]]
32.131142857142855
Tabla número 12
[[4, 4, -10, -7, 8], [-9, 3, -4, -7], [3, 3, -3], [10, -1], [-5]]
32.131142857142855
Tabla número 13
[[-8, -4, -6, -5, 9], [-1, -7, -2, 5], [9, 6, -9], [-8, 4], [-2]]
32.131142857142855
Tabla número 14
[[9, 10, 9, 0, -2], [2, 2, -8, -10], [-1, -8, -9], [5, 1], [-1]]
32.131142857142855
Tabla número 15
[[-5, 9, 2, 5, 0], [-3, 8, -7, 10], [-1, 5, 6], [1, 0], [9]]
32.131142857142855
Tabla número 16
[[-8, 3, 6, 1, 1], [1, 3, 10, -2], [0, -9, -1], [-2, -4], [-1]]
32.131142857142855
Tabla número 17
[[-4, -2, -7, -7, 8], [-6, -4, -10, 10], [-2, -5, 6], [10, -8], [-4]]
32.131142857142855
Tabla número 18
[[-8, 7, 0, 1, 9], [2, 10, 6, 2], [6, -1, -2], [7, 1], [10]]
32.131142857142855
Tabla número 19
[[2, -5, 6, 0, 4], [3, -7, 1, 0], [7, 10, -5], [-1, -4], [-1]]
32.131142857142855
Tabla número 20
[[-7, 8, -4, -9, 7], [-5, -5, 0, -4], [2, -5, 2], [5, -10], [6]]
36.178999999999995
Tabla número 21
[[-4, -9, 5, -9, 3], [-2, -7, 4, -1], [1, 9, 10], [9, 5], [-4]]
36.11857142857143
Tabla número 22
[[8, 3, -2, 8, -7], [2, -4, -5, 9], [6, 6, 5], [-5, -5], [0]]
34.26457142857143
Tabla número 23
[[4, -3, 0, -10, -10], [-7, -10, -10, 1], [0, -6, -10], [2, 0], [-1]]
37.36342857142857
Tabla número 24
[[9, -2, -5, -6, 4], [-5, -4, 4, 3], [0, 2, -5], [6, 6], [-2]]
35.95042857142857
Tabla número 25
[[-6, -7, 1, -4, -2], [-9, -10, -8, -2], [-3, -10, -5], [4, -3], [-9]]
35.768857142857144
Tabla número 26
[[4, 9, -2, -9, -1], [-5, 6, -8, -4], [-3, -6, 6], [9, 0], [0]]
36.09885714285715
Tabla número 27
[[3, -8, -5, 3, -9], [7, 6, -10, 3], [6, 5, 10], [3, -2], [4]]
36.558142857142855
Tabla número 28
[[1, -2, -9, 0, -3], [-10, -5, -9, 3], [-1, 0, 4], [0, -8], [1]]
34.976285714285716
Tabla número 29
[[7, -7, 2, -10, 0], [2, 5, 5, 4], [2, 3, 7], [-1, 3], [-10]]
37.15985714285714
Tabla número 30
[[-2, -2, 1, -1, -3], [-7, 0, 0, 8], [-5, 2, 4], [-1, -9], [-10]]
36.565000000000005
Tabla número 31
[[10, -1, -8, 3, 10], [-9, 3, 3, 1], [10, 10, -6], [-6, -9], [-7]]
37.856
Tabla número 32
[[4, 4, 7, 0, 3], [-7, -4, -10, -10], [-2, 1, 0], [-3, 1], [5]]
35.23642857142857
Tabla número 33
[[-3, 8, 0, 8, -10], [4, 0, 3, 0], [-9, 2, 7], [3, 0], [-5]]
35.333285714285715
Tabla número 34
[[2, 5, -3, -6, 7], [-10, -7, -4, 6], [-10, 0, 6], [0, 7], [9]]
35.351857142857135
Tabla número 35
[[8, -7, -5, 5, 5], [1, -4, 9, 5], [0, 0, -8], [9, 4], [-7]]
35.52971428571429
Tabla número 36
[[5, 1, -2, -9, -7], [-9, 5, 0, -6], [-5, 10, -3], [-8, 0], [0]]
37.79957142857143
Tabla número 37
[[3, 7, -3, -6, -2], [-6, -3, 1, 3], [-2, -3, -3], [0, 1], [1]]
34.47314285714286
Tabla número 38
[[4, -7, -8, -1, 6], [0, -4, 6, 8], [-3, 10, 8], [-3, -6], [-7]]
35.68528571428572
Tabla número 39
[[-3, 1, 7, 9, 4], [5, 4, 0, -8], [-5, 1, 8], [-1, 6], [-3]]
37.367571428571424
