Tabla número 0
[[4, -7, 6, 5, 3], [1, -10, 0, -4], [-1, -6, 4], [9, -8], [-7]]
32.131142857142855
Tabla número 1
[[6, -8, -5, 7, -6], [7, 5, 10, 3], [6, 5, 10], [3, 5], [4]]
32.131142857142855
Tabla número 2
[[-3, 9, 0, 0, 4], [-10, -7, -5, 10], [-5, -6, -8], [2, -9], [1]]
32.131142857142855
Tabla número 3
[[4, -2, 0, -9, 1], [10, 5, -5, -2], [6, 2, 0], [-1, -3], [0]]
32.131142857142855
Tabla número 4
[[10, 4, -6, 0, 3], [-3, -9, -1, 8], [-1, 4, 5], [4, 6], [3]]
32.131142857142855
Tabla número 5
[[-3, 5, 2, 0, -10], [-2, 0, 3, 2], [-9, -5, 8], [-9, 8], [-2]]
32.131142857142855
Tabla número 6
[[-8, -2, 0, 1, 6], [-9, 3, 6, -10], [6, 1, 0], [-3, -3], [0]]
32.131142857142855
Tabla número 7
[[-5, -8, 1, 5, 0], [3, 8, -8, 10], [-5, 2, -5], [7, 0], [10]]
32.131142857142855
Tabla número 8
[[-1, -5, -2, -5, 4], [3, 10, 9, 5], [-7, 10, -9], [9, -4], [0]]
32.131142857142855
Tabla número 9
[[3, -9, 5, 3, 6], [-3, 4, 0, -1], [-1, 9, 5], [1, 3], [7]]
32.131142857142855
Tabla número 10
[[-7, -7, -4, 10, -7], [1, -4, 1, -4], [0, -5, -3], [9, -10], [-10]]
32.131142857142855
Tabla número 11
[[1, -3, 2, -1, -10], [1, 0, -10, 3], [-10, 1, -10], [-5, 0], [0]]
32.131142857142855
Tabla número 12
[[4, -4, -10, -9, 9], [-1, 6, -2, 0], [9, 3, -5], [10, -1], [-2]]
32.131142857142855
Tabla número 13
[[-2, 1, -2, -10, -7], [-7, 0, 6, -6], [-5, 2, -3], [-1, 0], [0]]
32.131142857142855
Tabla número 14
[[3, -1, 1, 3, 10], [-6, 5, 0, 8], [-5, 10, -1], [0, -9], [8]]
32.131142857142855
Tabla número 15
[[0, -5, 0, -10, 8], [-5, 9, 0, -5], [0, -6, 5], [2, -10], [5]]
35.44885714285714
Tabla número 16
[[10, 7, -8, -4, -2], [-9, 3, -6, 1], [-2, -3, -6], [-6, 1], [1]]
35.44885714285714
Tabla número 17
[[9, 3, -5, -2, -1], [-7, -4, 4, 5], [0, 0, -1], [6, 4], [-10]]
32.131142857142855
Tabla número 18
[[-4, -7, 0, -5, -3], [-2, -4, 0, 1], [4, -1, -5], [8, 3], [6]]
35.44885714285714
Tabla número 19
[[4, -9, 10, -6, 0], [2, 0, 1, 4], [-1, 10, 7], [-1, 6], [-7]]
36.432857142857145
Tabla número 20
[[8, 5, -8, 0, 5], [-7, -5, 9, 3], [-6, -10, 8], [4, 0], [-9]]
36.843285714285706
Tabla número 21
[[8, -7, -5, -10, 4], [2, -10, 5, 9], [2, 6, 4], [5, 3], [6]]
34.236714285714285
Tabla número 22
[[-4, -4, -3, -6, 3], [-6, -7, 1, 6], [7, -3, 10], [10, 8], [4]]
34.37214285714286
Tabla número 23
[[5, 4, -3, -1, 4], [-9, -3, 3, 3], [-9, -9, -3], [-2, 5], [-7]]
33.699571428571424
Tabla número 24
[[2, 1, -9, 9, -3], [-5, -6, -9, -5], [-1, 0, 6], [-1, 6], [-1]]
36.16442857142857
Tabla número 25
[[-4, 9, 4, 10, 7], [0, 6, -10, -2], [-3, 5, 0], [-3, 1], [-7]]
35.33528571428572
Tabla número 26
[[4, 0, -10, 8, 8], [1, -7, -4, 0], [4, -6, -3], [-8, 0], [-5]]
38.43514285714286
Tabla número 27
[[2, 1, 7, 7, -1], [-9, -7, -4, 0], [-2, 6, -4], [10, 0], [5]]
35.84928571428571
Tabla número 28
[[-9, -2, -1, -4, 8], [-2, 0, 4, 7], [-2, 10, 0], [-8, -6], [-9]]
37.01742857142857
Tabla número 29
[[-3, -6, 4, 5, 0], [4, -4, 6, -6], [-3, 6, 6], [-6, 4], [-5]]
37.66528571428572
Tabla número 30
[[9, 3, -2, -9, 10], [2, 2, 3, -10], [-1, -6, -9], [-1, 4], [-2]]
38.392
Tabla número 31
[[-5, 10, 9, 0, -2], [-5, -4, -8, 3], [0, -8, 2], [5, 1], [-1]]
33.155857142857144
Tabla número 32
[[2, 8, -7, -1, 5], [2, -1, 7, 10], [0, 10, 7], [3, -4], [-4]]
36.11557142857143
Tabla número 33
[[-8, 3, 6, -9, 8], [4, 5, -10, 8], [-10, 2, 8], [-5, 0], [9]]
33.499
Tabla número 34
[[7, 4, 3, -7, 0], [1, -9, -1, -6], [3, -6, 4], [0, -10], [-9]]
35.736
Tabla número 35
[[-8, -2, -6, 0, 0], [-5, -4, 10, -7], [-2, 0, -1], [4, 4], [3]]
36.03071428571429
Tabla número 36
[[4, 0, 2, 8, -1], [-5, -5, -8, 10], [7, 1, -5], [-9, -2], [-1]]
34.575714285714284
Tabla número 37
[[-7, 8, -10, -6, -9], [5, 3, 0, 1], [2, 3, 6], [-1, -5], [-4]]
35.46228571428572
Tabla número 38
[[-5, -2, 7, -7, 9], [5, 5, -7, -9], [1, 1, 6], [0, 7], [-3]]
35.601285714285716
Tabla número 39
[[1, 7, 2, 1, -2], [-10, -7, -10, 0], [0, 7, 8], [-5, 1], [9]]
34.65642857142857
