Tabla número 0
[[4, -7, -8, 0, 0], [-2, 0, 0, 8], [-1, 3, 8], [-1, 4], [0]]
35.345571428571425
Tabla número 1
[[10, -9, -6, -5, 6], [-3, -9, -1, 8], [-7, 4, 5], [4, 3], [6]]
34.11642857142858
Tabla número 2
[[-9, 9, 2, 5, 4], [5, 8, -8, -2], [-5, -10, 6], [1, -6], [-3]]
35.15828571428571
Tabla número 3
[[-8, 7, 7, 9, 5], [2, -4, 6, 5], [0, 0, -8], [-3, 1], [9]]
33.41771428571429
Tabla número 4
[[-3, -7, 0, -4, 9], [0, 10, 0, 2], [6, -1, -5], [7, -3], [-9]]
32.131142857142855
Tabla número 5
[[-4, 8, -5, -9, -10], [-5, -3, -10, 0], [-10, -5, 0], [-9, -3], [-2]]
34.11642857142858
Tabla número 6
[[-4, -2, 0, 8, 10], [-9, -5, -5, -1], [10, 9, 10], [9, -7], [6]]
32.131142857142855
Tabla número 7
[[-3, 4, 0, 0, 3], [4, 0, 3, 0], [-9, 1, 0], [3, 0], [5]]
32.131142857142855
Tabla número 8
[[4, 4, -10, -7, 8], [-9, 3, -4, -7], [3, 3, -3], [10, -1], [6]]
32.131142857142855
Tabla número 9
[[1, 3, 2, 7, -6], [-2, -5, -9, 10], [2, 0, 4], [9, -8], [5]]
35.89271428571429
Tabla número 10
[[0, -5, 4, -1, 0], [-10, -1, 0, 3], [4, 0, -1], [0, 7], [0]]
32.131142857142855
Tabla número 11
[[-5, -6, -10, 10, 10], [5, 9, 10, -5], [-1, -6, 4], [-9, 5], [7]]
34.11642857142858
Tabla número 12
[[6, -2, 2, -10, 0], [2, 5, 3, 4], [0, 1, 5], [0, -10], [-10]]
35.15828571428571
Tabla número 13
[[-3, -2, -1, 1, 1], [1, -7, 4, -2], [0, 7, -4], [-2, -4], [4]]
34.11642857142858
Tabla número 14
[[9, -2, 5, -9, 7], [-5, -7, 4, 3], [0, 2, -9], [6, 5], [-4]]
35.15828571428571
Tabla número 15
[[8, 3, 10, -10, -3], [-7, 5, 5, 1], [-1, 10, -5], [-1, 3], [1]]
34.11642857142858
Tabla número 16
[[-9, 0, -2, 5, -7], [-10, -4, -10, 3], [6, -6, -10], [-5, -5], [-1]]
34.17471428571429
Tabla número 17
[[1, -4, 2, -4, 8], [3, -4, -6, 1], [-2, -3, 6], [-5, 0], [-4]]
32.131142857142855
Tabla número 18
[[3, 9, -2, 3, -9], [-5, 6, -10, 3], [6, 5, 6], [3, 0], [0]]
34.921
Tabla número 19
[[-8, -7, -3, -6, 6], [1, -7, 9, -8], [-3, 10, -2], [9, 4], [10]]
32.131142857142855
Tabla número 20
[[4, 3, -7, 5, 8], [-7, 5, 1, 6], [7, 2, 7], [-3, 1], [-7]]
35.766571428571424
Tabla número 21
[[10, -1, 1, 3, -3], [-7, 3, 3, 1], [-5, 2, -6], [-1, -9], [-7]]
37.385714285714286
Tabla número 22
[[4, -8, -8, -1, -10], [7, 6, -8, 8], [-10, -6, 10], [9, -2], [4]]
36.93971428571428
Tabla número 23
[[7, -7, -9, -1, 8], [-3, 4, -7, 7], [-10, 1, 7], [-6, 0], [-7]]
38.21057142857143
Tabla número 24
[[-1, 4, 3, 0, 3], [10, 5, 9, -6], [-1, 1, 0], [-1, 6], [3]]
34.96714285714286
Tabla número 25
[[2, -5, 6, 0, 4], [3, -7, 1, 0], [7, 10, -5], [-1, -4], [-1]]
36.94942857142858
Tabla número 26
[[5, 1, -2, -6, -2], [-9, -3, 1, 3], [-2, -3, -3], [0, 1], [1]]
34.692142857142855
Tabla número 27
[[-8, 3, 6, 0, 5], [4, 3, 10, -9], [-2, -9, -1], [-5, -10], [-1]]
33.899571428571434
Tabla número 28
[[1, -2, 0, -7, 0], [-6, 0, -10, 10], [-1, 2, 8], [10, -8], [-7]]
36.74185714285715
Tabla número 29
[[-4, 1, 4, 10, -1], [1, 0, -1, 0], [0, -6, 0], [4, 0], [0]]
36.20257142857143
Tabla número 30
[[-7, 8, -5, -6, 4], [-5, -4, 4, -4], [-1, -8, -5], [5, 6], [-2]]
36.47828571428572
Tabla número 31
[[-2, -3, -5, -9, -1], [2, -10, 0, -4], [-3, 6, 4], [-6, -9], [0]]
39.148714285714284
Tabla número 32
[[3, 7, -3, -9, -7], [-6, 5, 0, -6], [-5, 10, -3], [-8, 0], [0]]
38.14342857142857
Tabla número 33
[[-7, 5, 0, -2, 4], [1, -6, 6, 10], [-5, -6, -3], [2, 5], [8]]
36.212714285714284
Tabla número 34
[[9, -4, 9, 0, 9], [-1, -7, -8, -10], [9, -5, 2], [-8, 1], [-1]]
38.657714285714285
Tabla número 35
[[2, 0, -10, 7, 0], [-5, -9, 7, 2], [4, -6, -1], [10, 0], [3]]
35.435428571428574
Tabla número 36
[[-6, 1, 1, 1, -2], [-9, -10, 6, 10], [-3, 5, 8], [4, 6], [9]]
33.04642857142857
Tabla número 37
[[-8, 10, -6, -5, -2], [2, 2, -2, 5], [2, 6, -9], [9, 4], [-2]]
36.06614285714286
Tabla número 38
[[4, -9, -4, -9, 3], [-2, 0, 0, 9], [1, 10, 5], [2, -10], [-10]]
36.96542857142857
Tabla número 39
[[8, 5, 7, 8, 7], [1, -4, -4, -10], [-2, 6, 6], [-1, 4], [-5]]
34.71528571428571
