Tabla número 0
[[-4, 8, -5, 1, -2], [1, -3, -2, 10], [-3, 6, 0], [-9, -3], [-2]]
33.41771428571429
Tabla número 1
[[-3, -7, 0, -4, 9], [0, 10, 0, 2], [6, -1, -5], [7, -3], [-9]]
37.276428571428575
Tabla número 2
[[9, -8, -2, 5, -10], [-5, -4, 9, -6], [-1, -6, 10], [2, 5], [4]]
35.852428571428575
Tabla número 3
[[8, 9, 10, -10, -3], [-1, 5, 7, 1], [4, 10, -5], [-1, 3], [1]]
34.921
Tabla número 4
[[2, 0, -2, 0, 9], [4, -9, -8, -10], [9, -9, -3], [10, -1], [-1]]
36.41442857142857
Tabla número 5
[[3, -8, 4, -2, -7], [1, 5, -1, 4], [-5, 1, 5], [0, -10], [-10]]
36.591142857142856
Tabla número 6
[[4, -9, -4, 8, 7], [-2, 0, -4, -10], [1, 10, 6], [-1, -10], [-5]]
38.51857142857143
Tabla número 7
[[7, -7, -9, -1, 8], [-9, -3, -7, 7], [2, 1, 7], [-5, 1], [-1]]
36.14457142857143
Tabla número 8
[[-3, -2, -1, 1, -10], [-5, -7, -10, 0], [0, -5, -4], [-2, -4], [4]]
39.04285714285714
Tabla número 9
[[4, -5, 6, 0, 3], [7, 6, -8, 8], [-10, -6, -5], [-1, -2], [3]]
32.131142857142855
Tabla número 10
[[-8, 1, 0, 8, -2], [-9, 4, 6, 5], [-10, 9, -1], [-6, -7], [6]]
35.15828571428571
Tabla número 11
[[-1, 0, -8, -1, -7], [10, -7, 4, 3], [-5, 10, -10], [9, 6], [-4]]
34.58214285714285
Tabla número 12
[[8, 5, -3, -9, 3], [1, 3, 0, 9], [-2, 3, 5], [2, 4], [10]]
36.32814285714286
Tabla número 13
[[3, 3, -2, 3, -9], [-7, 6, 5, 2], [-1, 5, -1], [3, 0], [3]]
36.40257142857143
Tabla número 14
[[2, -2, 3, -7, 4], [-6, 5, -10, 10], [7, 2, 8], [10, -4], [-7]]
36.455
Tabla número 15
[[4, -1, 1, 5, -3], [-7, 3, 1, 1], [7, 2, -6], [-3, -9], [-7]]
37.202
Tabla número 16
[[-3, -7, -8, 0, 3], [-2, 0, 3, 8], [-9, 3, 8], [3, 4], [5]]
34.17471428571429
Tabla número 17
[[10, 1, 9, 7, 5], [-5, 3, -9, 6], [-2, 2, 2], [0, 1], [1]]
34.84085714285714
Tabla número 18
[[-9, -2, 5, -9, 7], [-10, -7, -10, 3], [6, 2, -9], [-5, -5], [-1]]
35.54271428571428
Tabla número 19
[[4, 4, -10, 10, 8], [-9, 9, -4, -5], [3, -6, -3], [10, -1], [7]]
37.828714285714284
Tabla número 20
[[-7, 5, -3, -10, 4], [-6, 5, 3, -6], [0, -6, -3], [-8, 0], [-8]]
37.50599999999999
Tabla número 21
[[-9, 9, 2, 5, 4], [5, 8, -8, -2], [-5, -10, 6], [1, -6], [-3]]
35.74028571428571
Tabla número 22
[[0, -5, 4, -1, 0], [-10, -1, 0, 3], [4, 0, -1], [0, 7], [0]]
36.326
Tabla número 23
[[-8, 7, 7, 9, 5], [2, -4, 6, 5], [0, 0, -8], [-3, 1], [9]]
34.224
Tabla número 24
[[6, 7, 2, -9, 0], [2, -6, 6, 10], [0, -6, -3], [6, 5], [0]]
34.11642857142858
Tabla número 25
[[-4, -4, -10, 10, -1], [-5, -7, 3, 3], [6, 10, 6], [4, -8], [0]]
36.217999999999996
Tabla número 26
[[5, 3, 2, 7, -6], [-7, -5, 10, -9], [-5, -5, 7], [-1, 1], [-7]]
35.89271428571429
Tabla número 27
[[9, 3, 6, 3, 8], [-2, 5, -10, 10], [2, -6, 4], [9, 0], [5]]
35.43314285714286
Tabla número 28
[[-8, 3, 1, -5, -2], [2, -10, 1, 3], [-2, 5, 8], [4, 4], [9]]
34.74385714285714
Tabla número 29
[[1, 8, -5, -9, -1], [-5, -10, 1, -4], [-3, -8, -5], [-6, -9], [-1]]
39.46985714285715
Tabla número 30
[[-6, 10, -6, -9, 1], [-9, 2, 4, -2], [-10, 7, -9], [9, 6], [-2]]
32.07914285714285
Tabla número 31
[[-5, -7, -10, -6, 10], [5, -7, 10, -8], [-3, 10, -2], [9, 4], [6]]
39.18785714285714
Tabla número 32
[[10, -9, -6, -5, 6], [-3, -9, -1, 8], [-7, 4, 5], [4, 3], [6]]
37.08471428571429
Tabla número 33
[[-8, -6, 7, -7, 6], [1, -4, 9, -7], [-1, 6, 4], [-9, 5], [-10]]
36.95642857142857
Tabla número 34
[[-7, -3, -5, -6, 4], [2, -4, 4, -4], [-1, 6, 4], [5, 6], [-2]]
38.58685714285714
Tabla número 35
[[1, -4, 2, -4, 8], [3, -4, -6, 1], [-2, -3, 6], [-5, 0], [-4]]
37.06314285714286
Tabla número 36
[[-4, -2, 6, -6, 10], [-3, -5, -5, -1], [10, -3, 10], [9, 0], [-10]]
37.45185714285714
Tabla número 37
[[1, 1, 0, 0, 0], [1, 0, 0, 0], [0, 0, 0], [0, 0], [0]]
36.90414285714286
Tabla número 38
[[4, 4, 0, 0, 0], [4, 0, 0, 0], [-1, 1, 0], [-1, 0], [0]]
37.16228571428571
Tabla número 39
[[-2, 4, 0, 0, 0], [3, 0, 0, 0], [-1, 1, 0], [-1, 0], [0]]
35.55914285714285
