Tabla número 0
[[8, -7, -5, -10, 4], [2, -10, 5, 9], [2, 6, 4], [5, 3], [6]]
32.131142857142855
Tabla número 1
[[4, 4, 2, 8, -1], [1, -9, -8, -6], [3, -6, 4], [0, -10], [-1]]
35.952857142857134
Tabla número 2
[[-3, 9, 0, 0, 4], [-10, -7, -5, 10], [-5, -6, -8], [2, -9], [1]]
32.131142857142855
Tabla número 3
[[4, -7, 6, 5, 3], [1, -10, 0, -4], [-1, -6, 4], [9, -8], [-7]]
32.131142857142855
Tabla número 4
[[-1, -5, -2, -5, 8], [3, 10, 4, 7], [-2, 10, 0], [9, -6], [0]]
32.131142857142855
Tabla número 5
[[-7, -7, -4, 10, -7], [1, -4, 1, -4], [0, -5, -3], [9, -10], [-10]]
32.131142857142855
Tabla número 6
[[4, 0, -10, 8, -1], [1, -7, -4, 0], [4, -6, -4], [-8, 0], [-5]]
34.960857142857144
Tabla número 7
[[7, 0, 3, -7, 0], [-5, -5, -1, 10], [7, 1, -5], [-9, -2], [-9]]
32.131142857142855
Tabla número 8
[[-2, 1, -2, -10, -7], [-7, 0, 6, -6], [-5, 2, -3], [-1, 0], [0]]
32.131142857142855
Tabla número 9
[[8, -8, 1, 5, 0], [-7, 8, 9, 3], [-5, -10, -5], [7, 0], [10]]
32.131142857142855
Tabla número 10
[[-4, -4, -10, -6, -9], [-6, 3, 0, 6], [2, 3, 10], [10, 8], [4]]
32.131142857142855
Tabla número 11
[[9, 3, -5, -2, -1], [-7, -4, 4, 5], [0, 0, -1], [6, 4], [-10]]
32.131142857142855
Tabla número 12
[[1, 7, 2, 1, -2], [-10, -7, -10, 0], [5, 7, 8], [-5, 1], [9]]
32.131142857142855
Tabla número 13
[[10, 4, -6, 0, 3], [-3, -9, -1, 8], [-1, 4, 5], [4, 6], [3]]
32.131142857142855
Tabla número 14
[[1, -3, 2, 5, 0], [1, 0, -10, -6], [-3, 6, -10], [-5, 0], [0]]
32.131142857142855
Tabla número 15
[[3, -9, 1, 3, 6], [-6, 5, 0, 8], [-1, 10, -1], [0, -9], [8]]
35.44885714285714
Tabla número 16
[[2, 8, -7, -1, 9], [2, 6, -2, 10], [0, 3, 7], [10, -4], [-4]]
35.44885714285714
Tabla número 17
[[2, 1, -9, 9, -3], [-5, -6, -9, -5], [-1, 0, 6], [-1, 6], [-1]]
32.131142857142855
Tabla número 18
[[-8, -2, -6, 0, 0], [-5, -4, 10, -7], [-2, 0, -1], [4, 4], [3]]
32.131142857142855
Tabla número 19
[[-4, -7, 0, -5, -3], [-2, -4, 0, 1], [4, -1, -5], [8, 3], [6]]
32.131142857142855
Tabla número 20
[[5, 7, -8, 10, -2], [0, 3, -6, 3], [-2, -3, 0], [-2, 1], [1]]
33.95485714285714
Tabla número 21
[[10, 9, 4, -4, 7], [-9, -3, -10, 1], [-9, -9, -6], [-6, 5], [-7]]
35.368
Tabla número 22
[[-5, 1, 7, 7, 5], [-9, -5, -4, 10], [-2, 6, -3], [4, 0], [5]]
35.129571428571424
Tabla número 23
[[2, 5, -8, 0, 8], [3, -7, -8, 0], [-6, 2, 8], [10, 0], [-9]]
35.04828571428571
Tabla número 24
[[-9, -2, -1, -1, 4], [-2, 6, 9, 5], [-3, 5, -9], [-3, 1], [-7]]
33.785999999999994
Tabla número 25
[[-4, 4, -3, -4, 4], [-9, 0, 3, -2], [-7, 10, -3], [-8, -4], [-9]]
36.02442857142857
Tabla número 26
[[6, -2, -5, -7, 9], [5, 5, -7, -9], [1, 1, 6], [0, 5], [4]]
36.79442857142857
Tabla número 27
[[-5, -8, 7, 7, -6], [7, 5, 10, 3], [6, 5, 10], [3, 7], [-3]]
34.13614285714286
Tabla número 28
[[-7, 8, 5, -6, 10], [5, 4, 0, 1], [-5, 9, 5], [1, 3], [-4]]
35.436
Tabla número 29
[[3, -1, -3, 2, 3], [-3, -7, 1, -1], [7, -3, 6], [-1, -5], [7]]
37.37642857142857
Tabla número 30
[[-3, -6, 4, -1, 10], [2, 2, 3, 3], [-1, 1, 6], [-6, 4], [-2]]
34.77014285714286
Tabla número 31
[[9, 3, -2, -9, -10], [4, -4, 6, -10], [-10, -6, -9], [-1, 4], [-5]]
35.52942857142857
Tabla número 32
[[0, -5, 10, -6, 0], [-5, 9, 0, 4], [-1, -6, 5], [-1, 6], [5]]
34.71171428571429
Tabla número 33
[[4, -9, 0, -10, 8], [2, 0, 1, -5], [0, 10, 7], [2, -10], [-7]]
37.061
Tabla número 34
[[-3, 5, 9, 0, -2], [-5, 0, -8, 2], [-9, -8, 8], [-9, 1], [-1]]
34.50757142857143
Tabla número 35
[[-5, 10, 2, 0, -10], [-2, -4, 3, 3], [0, -5, 2], [5, 8], [-2]]
32.891285714285715
Tabla número 36
[[4, -2, 0, 1, 1], [10, 3, 6, -10], [6, 2, 0], [-3, -1], [0]]
37.40557142857143
Tabla número 37
[[-8, -2, 0, -9, 6], [-9, 5, -5, -2], [6, 1, 0], [-1, -3], [0]]
36.869571428571426
Tabla número 38
[[-8, -4, -10, -9, 5], [-1, 5, 7, 8], [-10, 2, -5], [-5, 0], [9]]
36.023857142857146
Tabla número 39
[[4, 3, 6, -9, 8], [4, -1, -10, 0], [9, 10, 8], [3, -1], [-2]]
34.35928571428571
