Tabla número 0
[[-7, 5, 0, -2, 4], [1, -6, 6, 10], [-5, -6, -3], [2, 5], [8]]
32.131142857142855
Tabla número 1
[[-3, -2, -1, 0, 5], [4, -7, 4, -9], [-2, 7, -4], [-5, -10], [4]]
34.13999999999999
Tabla número 2
[[2, -5, 6, 0, 4], [3, -7, 1, 0], [7, 10, -5], [-1, -4], [-1]]
32.131142857142855
Tabla número 3
[[-4, 0, 4, 10, -1], [1, 0, 7, 2], [0, -6, 0], [10, 0], [0]]
32.131142857142855
Tabla número 4
[[-3, 4, 0, 0, 3], [4, 0, 3, 0], [-9, 1, 0], [3, 0], [5]]
34.11642857142858
Tabla número 5
[[2, 1, -10, 7, 0], [-5, -9, -1, 0], [4, -6, -1], [4, 0], [3]]
32.131142857142855
Tabla número 6
[[-9, 0, 10, 5, 8], [-2, 0, 0, 7], [-10, 10, -5], [-6, 4], [0]]
32.131142857142855
Tabla número 7
[[1, -4, 2, -4, 8], [3, 5, -6, 0], [7, -3, 0], [-9, 8], [-2]]
34.41128571428571
Tabla número 8
[[7, -7, -9, 0, -3], [-10, 5, 5, 3], [-1, 3, 7], [-1, 3], [1]]
34.11642857142858
Tabla número 9
[[5, 1, -2, -6, -2], [-9, -3, 1, 3], [-2, -3, -3], [0, 1], [1]]
32.131142857142855
Tabla número 10
[[4, -8, -5, -9, -1], [7, 6, -8, -4], [-3, -6, 10], [9, -2], [4]]
33.974
Tabla número 11
[[3, 9, -2, 3, -9], [-5, 6, -10, 3], [6, 5, 6], [3, 0], [0]]
32.131142857142855
Tabla número 12
[[-6, -7, 1, -4, -2], [-9, -10, -8, -2], [-3, -10, -5], [4, -3], [-9]]
32.131142857142855
Tabla número 13
[[-8, 3, 6, 1, 1], [1, 3, 10, -2], [0, -9, -1], [-2, -4], [-1]]
32.131142857142855
Tabla número 14
[[10, -1, 1, 3, -3], [-7, 3, 3, 1], [-5, 2, -6], [-1, -9], [-7]]
32.131142857142855
Tabla número 15
[[3, 7, -3, -9, -7], [-6, 5, 0, -6], [-5, 10, -3], [-8, 0], [0]]
32.131142857142855
Tabla número 16
[[-8, -7, -3, -6, 5], [1, -7, 9, 5], [0, 0, -8], [9, 4], [9]]
33.41771428571429
Tabla número 17
[[-8, -4, -6, -5, 9], [-1, -7, -2, 5], [9, 6, -9], [-8, 4], [-2]]
33.974
Tabla número 18
[[-5, -6, -10, 10, 10], [5, 9, 10, -5], [-1, -6, 4], [-9, 5], [7]]
33.974
Tabla número 19
[[0, -5, 4, -1, 0], [1, -1, 0, 3], [4, 6, -1], [-1, 4], [0]]
33.974
Tabla número 20
[[-1, -9, 3, -5, 6], [10, 5, 9, -6], [-7, 1, 0], [-1, 3], [6]]
38.45357142857143
Tabla número 21
[[10, 4, -6, 0, 3], [-3, -9, -1, 8], [-1, 4, 5], [4, 6], [3]]
35.92114285714286
Tabla número 22
[[4, 4, -10, -7, 8], [-9, 3, -4, -7], [3, 3, -3], [10, -1], [-5]]
37.412285714285716
Tabla número 23
[[8, 3, -2, -10, -7], [-7, -4, -10, 1], [6, -6, -10], [-5, -5], [-1]]
35.98885714285714
Tabla número 24
[[-3, 1, 7, 9, 6], [0, -4, 0, -8], [-3, 10, 8], [-3, 6], [-3]]
37.13185714285714
Tabla número 25
[[-8, 7, 0, 1, 9], [2, 10, 6, 2], [6, -1, -2], [7, 1], [10]]
33.76371428571428
Tabla número 26
[[-2, -2, -8, -1, 10], [-9, 0, 0, 8], [10, 10, 4], [-6, -9], [-10]]
36.441428571428574
Tabla número 27
[[4, -3, 0, 8, -10], [2, -10, -5, 9], [0, 6, 5], [2, 0], [0]]
35.78885714285714
Tabla número 28
[[-4, -9, -4, -9, 3], [-2, -5, 0, -1], [1, 9, 10], [9, -10], [6]]
36.60428571428571
Tabla número 29
[[9, -2, -5, -6, 4], [-5, -4, 4, 3], [0, 2, -5], [6, 6], [-2]]
36.287
Tabla número 30
[[6, 3, 2, 7, -6], [-2, 5, 3, 10], [0, 1, 5], [9, -10], [5]]
35.956428571428575
Tabla número 31
[[1, -2, 2, -10, 0], [2, -5, -9, 4], [2, 0, 4], [0, -8], [-10]]
37.99814285714286
Tabla número 32
[[-5, 9, 2, 5, 0], [-3, 8, -7, 10], [-1, 5, 6], [1, 0], [9]]
34.89271428571429
Tabla número 33
[[4, -7, -8, -1, 4], [5, 4, 6, 8], [-5, 1, 8], [-1, -6], [-7]]
36.07314285714286
Tabla número 34
[[8, 5, -5, 5, 7], [-10, -4, -4, 6], [-10, 0, 6], [0, 7], [-7]]
35.74042857142857
Tabla número 35
[[4, 8, 7, 8, -10], [-7, -3, -10, -10], [-2, 2, 7], [-3, 1], [-5]]
35.64628571428572
Tabla número 36
[[9, 10, 9, 0, -2], [2, 2, -8, -10], [-1, -8, -9], [5, 1], [-1]]
35.87985714285715
Tabla número 37
[[-7, 8, 5, -9, 7], [-5, -7, 4, -4], [2, -5, 2], [5, 5], [-4]]
35.94842857142857
Tabla número 38
[[1, 3, 0, -9, 0], [-5, 0, 1, 1], [-1, 2, 8], [-5, -3], [-7]]
36.15157142857143
Tabla número 39
[[-4, -2, -7, -7, 8], [-6, -4, -10, 10], [-2, -5, 6], [10, -8], [-4]]
37.92900000000001
