Tabla número 0
[[4, -4, -10, -9, 9], [-1, 6, -2, 0], [9, 3, -5], [10, -1], [-2]]
32.131142857142855
Tabla número 1
[[10, 4, -6, 0, 3], [-3, -9, -1, 8], [-1, 4, 5], [4, 6], [3]]
32.131142857142855
Tabla número 2
[[3, -6, 2, 3, -9], [-2, 6, -10, 10], [-1, 1, 5], [8, -2], [7]]
35.834428571428575
Tabla número 3
[[2, 1, -10, 7, 0], [-5, -9, -1, 0], [4, -6, -1], [4, 0], [3]]
32.131142857142855
Tabla número 4
[[-7, 9, 6, -2, -1], [1, -7, 1, 10], [-5, -6, -3], [2, -9], [-10]]
32.131142857142855
Tabla número 5
[[-9, -2, 4, 5, 0], [4, -4, 4, 7], [-2, 6, 6], [-6, 4], [-9]]
32.131142857142855
Tabla número 6
[[6, -8, -5, 7, -6], [7, 5, 10, 3], [6, 5, 10], [3, 5], [4]]
32.131142857142855
Tabla número 7
[[0, -5, 0, -10, 8], [-7, -10, 0, 1], [0, -6, -1], [2, 4], [-1]]
41.51714285714286
Tabla número 8
[[-5, 3, -10, 10, 10], [5, 9, 3, -5], [0, -6, 4], [-9, -10], [5]]
32.131142857142855
Tabla número 9
[[4, 0, 7, 8, -1], [1, -7, -4, 0], [-2, -6, -4], [10, 0], [5]]
32.131142857142855
Tabla número 10
[[4, -3, 10, -1, -10], [1, 0, -10, 3], [-10, 10, -10], [-1, 0], [0]]
33.35257142857143
Tabla número 11
[[-7, 8, -5, 8, -1], [2, -5, 0, 9], [2, 6, -5], [5, -5], [6]]
32.131142857142855
Tabla número 12
[[1, -2, 2, 5, 0], [5, 8, -7, 10], [-5, 1, 6], [0, 0], [9]]
32.131142857142855
Tabla número 13
[[8, -7, -5, 5, 5], [1, -4, 9, 5], [0, 0, -8], [9, 4], [-7]]
32.131142857142855
Tabla número 14
[[-4, -4, -3, -4, 3], [-6, -7, -6, 6], [7, -3, 10], [10, 8], [4]]
32.131142857142855
Tabla número 15
[[-4, -9, 5, -6, 7], [-10, -7, 0, -1], [1, 9, 6], [9, 7], [-4]]
32.131142857142855
Tabla número 16
[[2, 8, 0, 0, 5], [4, 0, 7, -6], [-2, 0, 0], [0, -10], [-5]]
32.131142857142855
Tabla número 17
[[8, 3, -4, -9, -7], [-5, -4, 4, -4], [0, -5, 2], [6, -10], [-2]]
32.131142857142855
Tabla número 18
[[-8, -8, 1, 1, -2], [-9, 3, -8, -10], [0, 1, -5], [-3, -3], [0]]
32.131142857142855
Tabla número 19
[[9, 10, 9, 0, -2], [2, 2, -8, -10], [-1, -8, -9], [5, 1], [-1]]
32.131142857142855
Tabla número 20
[[-3, 5, -7, -9, -10], [-2, 0, 3, 10], [-9, 2, 7], [3, 0], [9]]
32.89328571428572
Tabla número 21
[[10, -1, -8, 3, 10], [-9, 3, 3, 1], [-9, 10, -6], [-6, -9], [-7]]
37.10514285714286
Tabla número 22
[[2, 1, -9, 0, -3], [-5, -6, -9, -4], [-6, 0, 6], [9, 0], [1]]
36.20342857142857
Tabla número 23
[[-3, 5, 0, 9, 4], [-10, -5, -5, -5], [-1, -6, 8], [-1, 6], [-1]]
35.041999999999994
Tabla número 24
[[4, -7, -8, 0, 3], [-7, -10, 0, 3], [-1, -10, 4], [4, -8], [-9]]
38.03342857142858
Tabla número 25
[[-4, 9, 4, 10, 6], [0, 4, -10, -2], [-3, 5, 0], [-3, 1], [-7]]
35.22185714285714
Tabla número 26
[[-2, 1, -2, -10, -7], [-7, 0, 6, -6], [-5, 2, -3], [-1, 0], [0]]
36.431714285714285
Tabla número 27
[[5, -2, 1, -1, 4], [-9, 5, 0, 8], [-5, 10, 4], [-8, 5], [8]]
36.36342857142858
Tabla número 28
[[4, -5, -2, -5, 4], [3, 3, -8, 5], [7, 10, -9], [-1, -4], [0]]
35.277857142857144
Tabla número 29
[[9, -7, -2, -10, 4], [-5, -4, 5, 3], [2, 3, 5], [-1, 3], [-10]]
35.181428571428576
Tabla número 30
[[1, -9, 2, -6, 0], [2, 0, 1, 4], [-1, 1, 7], [-5, 6], [-7]]
35.66171428571429
Tabla número 31
[[7, -2, 3, -9, 0], [10, 5, -5, -6], [6, 2, 0], [-1, -3], [0]]
36.063857142857145
Tabla número 32
[[-8, 4, -6, -7, 8], [-9, -7, -4, -7], [3, 6, -3], [-8, 4], [-5]]
36.326
Tabla número 33
[[3, 7, -3, -6, -2], [-6, -3, 1, 3], [-2, -3, -3], [0, 1], [1]]
33.07414285714285
Tabla número 34
[[-3, 0, 7, -1, -3], [-3, -1, 0, -9], [-3, 10, -5], [1, 3], [-3]]
36.46442857142857
Tabla número 35
[[-5, -7, -1, -7, 8], [-2, -4, 6, 8], [4, 7, 8], [-5, -6], [-4]]
36.645857142857146
Tabla número 36
[[-1, 7, 0, -5, 9], [-5, 10, 9, 1], [-7, -1, 8], [-5, 3], [6]]
37.566857142857145
Tabla número 37
[[-8, 3, 0, 1, 6], [2, 5, 6, 2], [6, 2, -2], [7, 1], [10]]
34.840428571428575
Tabla número 38
[[-6, 4, 6, -4, 1], [1, -4, 10, -2], [0, -9, -1], [-2, -4], [-1]]
35.23885714285714
Tabla número 39
[[-5, -2, 2, 0, 8], [3, 5, -10, 0], [-10, -5, 0], [-9, 8], [-2]]
36.79457142857143
