Tabla número 0
[[6, -8, -5, 7, -6], [7, 5, 10, 3], [6, 5, 10], [3, 5], [4]]
32.131142857142855
Tabla número 1
[[1, -9, 2, -6, 0], [2, 0, 1, 4], [-1, 1, 7], [-5, 6], [-7]]
36.36342857142858
Tabla número 2
[[9, 10, 9, 0, -2], [2, 2, -8, -10], [-1, -8, -9], [5, 1], [-1]]
32.131142857142855
Tabla número 3
[[-9, -2, 4, 5, 0], [4, -4, 4, 7], [-2, 6, 6], [-6, 4], [-9]]
32.131142857142855
Tabla número 4
[[10, -1, -8, 3, 10], [-9, 3, 3, 1], [-9, 10, -6], [-6, -9], [-7]]
32.131142857142855
Tabla número 5
[[-8, 4, -6, -7, 8], [-9, -7, -4, -7], [3, 6, -3], [-8, 4], [-5]]
35.041999999999994
Tabla número 6
[[1, -2, 2, 5, 0], [5, 8, -7, 10], [-5, 1, 6], [0, 0], [9]]
32.131142857142855
Tabla número 7
[[4, -7, -8, 0, 3], [-7, -10, 0, 3], [-1, -10, 4], [4, -8], [-9]]
32.131142857142855
Tabla número 8
[[-8, -8, 1, 1, -2], [-9, 3, -8, -10], [0, 1, -5], [-3, -3], [0]]
32.131142857142855
Tabla número 9
[[4, -4, -10, -9, 9], [-1, 6, -2, 0], [9, 3, -5], [10, -1], [-2]]
32.131142857142855
Tabla número 10
[[4, -5, -2, -5, 4], [3, 3, -8, 5], [7, 10, -9], [-1, -4], [0]]
32.131142857142855
Tabla número 11
[[-5, -7, -1, -7, 8], [-2, -4, 6, 8], [4, 7, 8], [-5, -6], [-4]]
32.131142857142855
Tabla número 12
[[-4, 9, 4, 10, 6], [0, 4, -10, -2], [-3, 5, 0], [-3, 1], [-7]]
32.131142857142855
Tabla número 13
[[4, -3, 10, -1, -10], [1, 0, -10, 3], [-10, 10, -10], [-1, 0], [0]]
32.131142857142855
Tabla número 14
[[2, 8, 0, 0, 5], [4, 0, 7, -6], [-2, 0, 0], [0, -10], [-5]]
32.131142857142855
Tabla número 15
[[2, 1, -10, 7, 0], [-5, -9, -1, 0], [4, -6, -1], [4, 0], [3]]
32.131142857142855
Tabla número 16
[[-2, 1, -2, -10, -7], [-7, 0, 6, -6], [-5, 2, -3], [-1, 0], [0]]
32.131142857142855
Tabla número 17
[[10, 4, -6, 0, 3], [-3, -9, -1, 8], [-1, 4, 5], [4, 6], [3]]
32.131142857142855
Tabla número 18
[[4, 0, 7, 8, -1], [1, -7, -4, 0], [-2, -6, -4], [10, 0], [5]]
32.131142857142855
Tabla número 19
[[-3, 5, -7, -9, -10], [-2, 0, 3, 10], [-9, 2, 7], [3, 0], [9]]
32.131142857142855
Tabla número 20
[[2, 1, -9, 9, -3], [-5, -6, -9, -5], [-1, 0, 6], [-1, 6], [-1]]
38.15314285714286
Tabla número 21
[[-3, 5, 0, 0, 4], [-10, -5, -5, -4], [-6, -6, 8], [9, 0], [1]]
37.19885714285714
Tabla número 22
[[-3, -6, 7, -1, -3], [-2, -1, -10, -9], [-3, 10, -5], [8, 3], [-3]]
36.226142857142854
Tabla número 23
[[3, 0, 2, 3, -9], [-3, 6, 0, 10], [-1, 1, 5], [1, -2], [7]]
33.81471428571428
Tabla número 24
[[4, -2, 6, -4, 1], [1, -4, 10, -2], [0, 10, 4], [-8, -4], [-1]]
35.22285714285714
Tabla número 25
[[5, 4, 1, -1, 4], [-9, 5, 0, 8], [-5, -9, -1], [-2, 5], [8]]
34.98057142857143
Tabla número 26
[[3, 7, -3, -4, -2], [-6, -3, -6, 3], [-2, -3, -3], [0, 1], [1]]
33.99357142857143
Tabla número 27
[[-4, -4, -3, -6, 3], [-6, -7, 1, 6], [7, -3, 10], [10, 8], [4]]
34.34371428571429
Tabla número 28
[[-5, -2, 0, 1, 6], [3, 5, 6, 0], [6, 2, 0], [7, 1], [10]]
37.403
Tabla número 29
[[-8, 3, 2, 0, 8], [2, 5, -10, 2], [-10, -5, -2], [-9, 8], [-2]]
38.36642857142857
Tabla número 30
[[8, 9, 6, 5, 5], [1, -7, 9, 10], [-5, -6, -8], [2, -9], [-7]]
33.98957142857143
Tabla número 31
[[-7, -7, -5, -2, -1], [1, -4, 1, 5], [0, 0, -3], [9, 4], [-10]]
36.532142857142865
Tabla número 32
[[-4, 7, 0, -5, 9], [-10, -7, 0, 1], [1, -1, 8], [-5, 7], [6]]
34.36528571428571
Tabla número 33
[[-1, -9, 5, -6, 7], [-5, 10, 9, -1], [-7, 9, 6], [9, 3], [-4]]
38.25385714285714
Tabla número 34
[[0, -5, 0, 10, 8], [-7, 9, 0, -5], [0, -6, -1], [2, -10], [5]]
37.79042857142857
Tabla número 35
[[-5, 3, -10, -10, 10], [5, -10, 3, 1], [0, -6, 4], [-9, 4], [-1]]
35.47271428571429
Tabla número 36
[[7, -2, 3, -9, 0], [10, 5, -5, -6], [6, 2, 0], [-1, -3], [0]]
37.52571428571429
Tabla número 37
[[-7, 8, -5, 8, -1], [2, -5, 0, 9], [2, 6, -5], [5, -5], [6]]
35.464571428571425
Tabla número 38
[[8, -7, -2, -9, 4], [-5, -4, 5, 3], [2, 3, 2], [-1, 3], [-2]]
36.94342857142857
Tabla número 39
[[9, 3, -4, -10, -7], [-5, -4, 4, -4], [0, -5, 5], [6, -10], [-10]]
37.098285714285716
