Tabla número 0
[[10, -9, -6, -5, 6], [-3, -9, -1, 8], [-7, 4, 5], [4, 3], [6]]
34.11642857142858
Tabla número 1
[[4, -9, -4, 8, 7], [-2, 0, -4, -10], [1, 10, 6], [-1, -10], [-5]]
32.131142857142855
Tabla número 2
[[-2, 8, -5, -9, -1], [-5, -10, 0, -4], [-3, -8, -5], [-6, -9], [0]]
34.921
Tabla número 3
[[-7, -3, -5, -6, 4], [2, -4, 4, -4], [-1, 6, 4], [5, 6], [-2]]
35.89271428571429
Tabla número 4
[[-8, 7, 7, 9, 5], [2, -4, 6, 5], [0, 0, -8], [-3, 1], [9]]
35.15828571428571
Tabla número 5
[[-3, -2, -1, 1, -10], [-5, -7, -10, 0], [0, -5, -4], [-2, -4], [4]]
36.32814285714286
Tabla número 6
[[-3, -7, 0, -4, 9], [0, 10, 0, 2], [6, -1, -5], [7, -3], [-9]]
34.17471428571429
Tabla número 7
[[0, -5, 4, -1, 0], [-10, -1, 0, 3], [4, 0, -1], [0, 7], [0]]
35.89271428571429
Tabla número 8
[[10, 3, 2, 7, -6], [-7, -5, -9, 6], [-5, 2, 7], [-1, 1], [-7]]
33.41771428571429
Tabla número 9
[[-4, -2, 0, 8, 10], [-9, -5, -5, -1], [10, 9, 10], [9, -7], [6]]
32.131142857142855
Tabla número 10
[[2, -2, 3, -7, 4], [-6, 5, -10, 10], [7, 2, 8], [10, -4], [-7]]
33.41771428571429
Tabla número 11
[[1, 4, 0, 0, 0], [3, 0, 1, 0], [-1, 1, 0], [-1, 0], [-1]]
35.15828571428571
Tabla número 12
[[4, 4, 0, 0, 0], [4, 0, 0, 0], [-1, 1, 0], [-1, 0], [0]]
35.89271428571429
Tabla número 13
[[-8, 3, 1, -5, -2], [2, -10, 1, 3], [-2, 5, 8], [4, 4], [9]]
34.11642857142858
Tabla número 14
[[8, 5, 7, -9, 3], [1, -4, 0, 9], [-2, 6, 5], [2, 4], [-10]]
34.17471428571429
Tabla número 15
[[-3, -7, -8, 0, 3], [-2, 0, 3, 8], [-9, 3, 8], [3, 4], [5]]
34.11642857142858
Tabla número 16
[[-4, 1, 0, 10, -1], [1, 0, 0, 0], [0, 10, 0], [4, 0], [0]]
34.11642857142858
Tabla número 17
[[4, -1, 1, 5, -3], [-7, 3, 1, 1], [7, 2, -6], [-3, -9], [-7]]
37.202
Tabla número 18
[[-7, 5, -3, -9, 4], [-6, 5, 6, 10], [0, -6, -3], [6, 0], [-8]]
34.921
Tabla número 19
[[-9, 9, 2, 5, 4], [5, 8, -8, -2], [-5, -10, 6], [1, -6], [-3]]
35.74028571428571
Tabla número 20
[[-1, -8, -8, -1, -10], [10, -7, 9, -6], [-1, 10, 10], [9, 6], [4]]
36.17328571428571
Tabla número 21
[[1, -4, 2, -4, 8], [3, -4, -6, 1], [-2, -3, 6], [-5, 0], [-4]]
35.64371428571429
Tabla número 22
[[3, 7, 4, -2, -7], [1, -6, -1, -6], [-5, -6, -3], [-8, 5], [0]]
36.56757142857143
Tabla número 23
[[6, -2, 2, -10, 0], [2, 5, 3, 4], [0, 1, 5], [0, -10], [-10]]
34.297285714285714
Tabla número 24
[[9, -2, 5, -9, 7], [-5, -7, 4, 3], [-5, 2, -9], [2, 5], [-4]]
36.160000000000004
Tabla número 25
[[-9, 0, -2, 5, -7], [-10, -4, -10, 3], [6, -6, -10], [-5, -5], [-1]]
35.87942857142857
Tabla número 26
[[4, -5, 6, 0, 3], [7, 6, -8, 8], [-10, -6, -5], [-1, -2], [3]]
35.82785714285714
Tabla número 27
[[4, 4, -10, 10, 8], [-9, 9, -4, -5], [3, -6, -3], [10, -1], [7]]
38.70542857142857
Tabla número 28
[[5, 1, -2, 0, 5], [4, 3, 10, -9], [-2, -9, -3], [0, -1], [1]]
35.81471428571429
Tabla número 29
[[2, 0, 9, 7, 9], [-5, -9, -8, -10], [9, -5, 2], [10, 1], [-1]]
36.099
Tabla número 30
[[1, 3, 6, 3, 8], [-2, 5, 3, 10], [2, 0, 4], [9, -8], [5]]
36.574000000000005
Tabla número 31
[[9, -4, -10, 0, 0], [-5, -7, -10, 3], [6, -6, 6], [-7, 0], [0]]
36.19914285714286
Tabla número 32
[[-8, 1, 6, -6, -2], [-9, -3, 6, 5], [2, -3, -1], [-5, 1], [-1]]
34.90257142857143
Tabla número 33
[[7, -7, -9, -1, 8], [-3, 4, -7, 7], [-10, 1, 7], [-6, 0], [-10]]
36.38757142857143
Tabla número 34
[[-6, 10, -6, 1, -2], [-9, 2, -2, 10], [-3, 6, -9], [9, 6], [-2]]
35.81457142857143
Tabla número 35
[[-4, 8, -5, -9, 1], [1, -3, 4, -2], [-10, 7, 0], [-9, -3], [-2]]
34.889714285714284
Tabla número 36
[[-8, -7, -3, -6, 6], [1, -7, 9, -8], [-3, 10, -2], [9, 4], [10]]
37.60000000000001
Tabla número 37
[[-5, -6, -10, -7, 10], [5, 3, 10, -7], [-1, 3, 4], [-9, 5], [6]]
36.98328571428572
Tabla número 38
[[8, 3, 10, -10, -3], [-7, 5, 5, 1], [-1, 10, -5], [-1, 3], [1]]
36.733
Tabla número 39
[[3, 9, -2, 3, -9], [-1, 6, 7, 2], [4, 5, -1], [3, 0], [3]]
33.46242857142857
