Tabla número 0
[[-9, 9, 2, 5, 4], [5, 8, -8, -2], [-5, -10, 6], [1, -6], [-3]]
35.74028571428571
Tabla número 1
[[4, -1, 1, 5, -3], [-7, 3, 1, 1], [7, 2, -6], [-3, -9], [-7]]
37.202
Tabla número 2
[[-5, -7, -10, -6, 10], [5, -7, 10, -8], [-3, 10, -2], [9, 4], [6]]
35.43314285714286
Tabla número 3
[[8, 9, 10, -10, -3], [-1, 5, 7, 1], [4, 10, -5], [-1, 3], [1]]
34.921
Tabla número 4
[[-7, -3, -5, -6, 4], [2, -4, 4, -4], [-1, 6, 4], [5, 6], [-2]]
35.89271428571429
Tabla número 5
[[10, -9, -6, -5, 6], [-3, -9, -1, 8], [-7, 4, 5], [4, 3], [6]]
34.11642857142858
Tabla número 6
[[4, 4, 0, 0, 0], [4, 0, 0, 0], [-1, 1, 0], [-1, 0], [0]]
35.89271428571429
Tabla número 7
[[-4, 8, -5, 1, -2], [1, -3, -2, 10], [-3, 6, 0], [-9, -3], [-2]]
33.41771428571429
Tabla número 8
[[-9, -2, 5, -9, 7], [-10, -7, -10, 3], [6, 2, -9], [-5, -5], [-1]]
35.15828571428571
Tabla número 9
[[0, -5, 4, -1, 0], [-10, -1, 0, 3], [4, 0, -1], [0, 7], [0]]
36.32814285714286
Tabla número 10
[[2, 0, -2, 0, 9], [4, -9, -8, -10], [9, -9, -3], [10, -1], [-1]]
35.852428571428575
Tabla número 11
[[1, -4, 2, -4, 8], [3, -4, -6, 1], [-2, -3, 6], [-5, 0], [-4]]
34.17471428571429
Tabla número 12
[[-8, 7, 7, 9, 5], [2, -4, 6, 5], [0, 0, -8], [-3, 1], [9]]
32.131142857142855
Tabla número 13
[[4, -9, -4, 8, 7], [-2, 0, -4, -10], [1, 10, 6], [-1, -10], [-5]]
37.276428571428575
Tabla número 14
[[-8, 3, 1, -5, -2], [2, -10, 1, 3], [-2, 5, 8], [4, 4], [9]]
32.131142857142855
Tabla número 15
[[-3, -2, -1, 1, -10], [-5, -7, -10, 0], [0, -5, -4], [-2, -4], [4]]
35.852428571428575
Tabla número 16
[[2, -2, 3, -7, 4], [-6, 5, -10, 10], [7, 2, 8], [10, -4], [-7]]
34.921
Tabla número 17
[[4, 4, -10, 10, 8], [-9, 9, -4, -5], [3, -6, -3], [10, -1], [7]]
34.921
Tabla número 18
[[-3, -7, 0, -4, 9], [0, 10, 0, 2], [6, -1, -5], [7, -3], [-9]]
33.41771428571429
Tabla número 19
[[7, -7, -9, -1, 8], [-9, -3, -7, 7], [2, 1, 7], [-5, 1], [-1]]
33.41771428571429
Tabla número 20
[[-2, 8, -5, -9, -1], [-5, -10, 0, -4], [-3, -8, -5], [-6, -9], [0]]
38.67771428571428
Tabla número 21
[[1, 4, 0, 0, 0], [3, 0, 1, 0], [-1, 1, 0], [-1, 0], [-1]]
34.452571428571424
Tabla número 22
[[3, 3, -2, 3, -9], [-7, 6, 5, 2], [-1, 5, -1], [3, 0], [3]]
36.46442857142857
Tabla número 23
[[-3, -7, -8, 0, 3], [-2, 0, 3, 8], [-9, 3, 8], [3, 4], [5]]
37.641714285714286
Tabla número 24
[[3, -2, 4, -2, -7], [1, 5, -1, 4], [-5, 1, 5], [0, -10], [-10]]
34.60214285714286
Tabla número 25
[[4, -5, 6, 0, 3], [7, 6, -8, 8], [-10, -6, -5], [-1, -2], [3]]
34.372
Tabla número 26
[[-4, -2, 0, 8, 10], [-9, -5, -5, -1], [10, 9, 10], [9, -7], [6]]
38.35928571428571
Tabla número 27
[[-8, 1, 6, -6, -2], [-3, 4, 6, 5], [-10, -3, -1], [-6, 0], [-10]]
35.591571428571434
Tabla número 28
[[-4, 1, 0, 10, -1], [1, 0, 0, 0], [0, 10, 0], [4, 0], [0]]
34.92114285714286
Tabla número 29
[[1, -4, -10, 0, 0], [-5, -7, 3, 3], [6, 0, 6], [0, -8], [0]]
35.34985714285714
Tabla número 30
[[-1, -8, -8, -1, -10], [10, -7, 9, -6], [-1, 10, 10], [9, 6], [4]]
34.75342857142857
Tabla número 31
[[9, 0, -2, 5, -7], [-5, -4, 4, 3], [-5, -6, -10], [2, 5], [-4]]
34.37885714285714
Tabla número 32
[[6, 7, 2, -10, 0], [2, -6, 3, -6], [0, -6, -3], [-8, 5], [0]]
36.273714285714284
Tabla número 33
[[-7, 5, -3, -9, 4], [-6, 5, 6, 10], [0, -6, -3], [6, 0], [-8]]
34.91385714285714
Tabla número 34
[[5, 1, 9, 7, 5], [-5, 3, 10, -9], [-2, -5, 2], [0, 1], [1]]
37.364
Tabla número 35
[[10, 3, 2, 7, -6], [-7, -5, -9, 6], [-5, 2, 7], [-1, 1], [-7]]
35.846428571428575
Tabla número 36
[[9, 3, 6, 3, 8], [-2, 5, -10, 10], [2, -6, 4], [9, 0], [5]]
35.95385714285714
Tabla número 37
[[-6, 10, -6, -9, 1], [-9, 2, 4, -2], [-10, 7, -9], [9, 6], [-2]]
36.41242857142857
Tabla número 38
[[-8, -6, -3, -7, 6], [1, 3, 9, -7], [-1, 3, 4], [-9, 5], [10]]
37.635
Tabla número 39
[[8, 5, 7, -9, 3], [1, -4, 0, 9], [-2, 6, 5], [2, 4], [-10]]
35.432
