Tabla número 0
[[3, -8, -5, 3, -9], [7, 6, -10, 3], [6, 5, 10], [3, -2], [4]]
36.22785714285714
Tabla número 1
[[-8, 7, 0, 1, 9], [2, 10, 6, 2], [6, -1, -2], [7, 1], [10]]
32.131142857142855
Tabla número 2
[[10, -1, -8, 3, 10], [-9, 3, 3, 1], [10, 10, -6], [-6, -9], [-7]]
36.51285714285715
Tabla número 3
[[-8, 3, 6, 1, 1], [1, 3, 10, -2], [0, -9, -1], [-2, -4], [-1]]
32.131142857142855
Tabla número 4
[[-1, -9, 3, -5, 6], [10, 5, 9, -6], [-7, 1, 0], [-1, 3], [6]]
32.131142857142855
Tabla número 5
[[8, -7, -5, 5, 5], [1, -4, 9, 5], [0, 0, -8], [9, 4], [-7]]
32.131142857142855
Tabla número 6
[[9, 10, 9, 0, -2], [2, 2, -8, -10], [-1, -8, -9], [5, 1], [-1]]
36.228142857142856
Tabla número 7
[[-6, -7, 1, -4, -2], [-9, -10, -8, -2], [-3, -10, -5], [4, -3], [-9]]
32.131142857142855
Tabla número 8
[[4, -7, -8, -1, 6], [0, -4, 6, 8], [-3, 10, 8], [-3, -6], [-7]]
32.131142857142855
Tabla número 9
[[-8, -4, -6, -5, 9], [-1, -7, -2, 5], [9, 6, -9], [-8, 4], [-2]]
32.131142857142855
Tabla número 10
[[-4, 4, 4, 10, 3], [-7, -4, -10, -10], [0, 1, 0], [-3, 1], [0]]
32.131142857142855
Tabla número 11
[[3, 7, -3, -6, -2], [-6, -3, 1, 3], [-2, -3, -3], [0, 1], [1]]
32.131142857142855
Tabla número 12
[[-3, 8, 0, 8, -10], [4, 0, 3, 0], [-9, 2, 7], [3, 0], [-5]]
32.131142857142855
Tabla número 13
[[5, 1, -2, -9, -7], [-9, 5, 0, -6], [-5, 10, -3], [-8, 0], [0]]
32.131142857142855
Tabla número 14
[[7, -7, 2, -10, 0], [2, 5, 5, 4], [2, 3, 7], [-1, 3], [-10]]
34.11642857142858
Tabla número 15
[[-3, -2, -1, -7, 8], [4, -4, 4, -9], [-2, 7, 6], [-5, -8], [-4]]
33.974
Tabla número 16
[[1, 3, 0, -9, 0], [-5, 0, 1, 1], [-1, 2, 8], [-5, -3], [-7]]
32.131142857142855
Tabla número 17
[[4, -3, 0, -10, -10], [-7, -10, -10, 1], [0, -6, -10], [2, 0], [-1]]
32.131142857142855
Tabla número 18
[[-4, -9, 5, -6, 7], [-10, -7, 0, -1], [1, 9, 6], [9, 7], [-4]]
32.131142857142855
Tabla número 19
[[-9, 0, 4, 5, 0], [-2, -1, 0, 7], [4, 6, -5], [-6, 4], [0]]
32.131142857142855
Tabla número 20
[[-4, -2, -3, 0, 3], [-6, -7, -10, 6], [-10, -5, 10], [10, 5], [4]]
34.216857142857144
Tabla número 21
[[2, 5, -7, -9, 5], [-2, -7, -4, 10], [-2, 0, -4], [0, -10], [9]]
34.08728571428571
Tabla número 22
[[0, -5, 10, -1, 8], [1, 0, 0, 3], [-10, 10, -1], [-1, 4], [0]]
33.87757142857143
Tabla número 23
[[10, 4, -6, 0, 3], [-3, -9, -1, 8], [-1, 4, 5], [4, 6], [3]]
35.064142857142855
Tabla número 24
[[-2, -2, 1, -1, 4], [-7, 0, 6, 8], [-5, 2, 4], [-1, 5], [8]]
36.255
Tabla número 25
[[-7, 5, 0, -2, -3], [1, -6, 0, 10], [-5, -6, -3], [2, -9], [-10]]
34.136
Tabla número 26
[[4, 0, 7, 0, -1], [1, 0, 7, -6], [-2, -6, 0], [10, 0], [5]]
39.62457142857143
Tabla número 27
[[-5, -4, 2, -4, 8], [3, 5, -6, 0], [7, -3, 0], [-9, 8], [-2]]
36.53657142857143
Tabla número 28
[[1, -2, 2, 5, 0], [5, 8, -7, 10], [-5, 1, 6], [0, 0], [9]]
37.094571428571435
Tabla número 29
[[-5, 9, 7, 0, -3], [-3, 4, 0, 3], [-1, 5, 4], [1, -8], [-3]]
34.669428571428575
Tabla número 30
[[-3, 1, -9, 9, 4], [-10, -5, -9, -5], [-1, 0, 8], [-1, 6], [1]]
37.57771428571429
Tabla número 31
[[-5, -6, -10, 10, 10], [5, 9, 10, -5], [-1, -6, 4], [-9, 5], [7]]
36.80142857142857
Tabla número 32
[[4, 4, -10, -7, 8], [-9, 3, -4, -7], [3, 3, -3], [10, -1], [-5]]
37.240714285714276
Tabla número 33
[[2, 1, -10, 7, 0], [-5, -9, -1, 0], [4, -6, -1], [4, 0], [3]]
34.44014285714285
Tabla número 34
[[4, -5, -2, -9, 4], [3, 6, -8, 0], [7, 10, -5], [-1, -4], [0]]
37.21214285714286
Tabla número 35
[[2, 9, 6, 0, -1], [-5, -7, 1, -4], [-3, -6, 6], [9, 0], [-1]]
34.02028571428571
Tabla número 36
[[8, 3, -5, 8, -7], [2, -4, 4, 9], [0, 6, -5], [6, -5], [-2]]
36.42557142857142
Tabla número 37
[[9, -2, -2, -6, 4], [-5, -4, -5, 3], [6, 2, 5], [-5, 6], [0]]
36.002857142857145
Tabla número 38
[[-7, 8, -4, -9, 7], [-5, -5, 0, -4], [2, -5, 2], [5, -10], [6]]
35.293
Tabla número 39
[[6, 3, 2, 7, -6], [-2, 5, 3, 10], [0, 1, 5], [9, -10], [5]]
35.91057142857143
