Tabla número 0
[[-7, 8, -5, 8, -1], [2, -5, 0, 9], [2, 6, -5], [5, -5], [6]]
32.131142857142855
Tabla número 1
[[-8, 4, -6, -7, 8], [-9, -7, -4, -7], [3, 6, -3], [-8, 4], [-5]]
32.131142857142855
Tabla número 2
[[-4, -4, -3, -6, 3], [-6, -7, 1, 6], [7, -3, 10], [10, 8], [4]]
32.131142857142855
Tabla número 3
[[5, 4, 1, -1, 4], [-9, 5, 0, 8], [-5, -9, -1], [-2, 5], [8]]
32.131142857142855
Tabla número 4
[[6, -8, -5, 7, -6], [7, 5, 10, 3], [6, 5, 10], [3, 5], [4]]
32.131142857142855
Tabla número 5
[[-7, -7, -5, -2, -1], [1, -4, 1, 5], [0, 0, -3], [9, 4], [-10]]
32.131142857142855
Tabla número 6
[[10, 4, -6, 0, 3], [-3, -9, -1, 8], [-1, 4, 5], [4, 6], [3]]
32.131142857142855
Tabla número 7
[[-4, 9, 4, 10, 6], [0, 4, -10, -2], [-3, 5, 0], [-3, 1], [-7]]
32.131142857142855
Tabla número 8
[[4, 0, 7, 8, -1], [1, -7, -4, 0], [-2, -6, -4], [10, 0], [5]]
32.131142857142855
Tabla número 9
[[-9, -2, 4, 5, 0], [4, -4, 4, 7], [-2, 6, 6], [-6, 4], [-9]]
32.131142857142855
Tabla número 10
[[0, -5, 0, -10, 8], [-5, 9, 0, -5], [0, -6, 5], [2, -10], [5]]
32.131142857142855
Tabla número 11
[[9, 10, 9, 0, -2], [2, 2, -8, -10], [-1, -8, -9], [5, 1], [-1]]
32.131142857142855
Tabla número 12
[[4, -9, 10, -6, 0], [2, 0, 1, 4], [-1, 10, 7], [-1, 6], [-7]]
32.131142857142855
Tabla número 13
[[-2, 1, -2, -10, -7], [-7, 0, 6, -6], [-5, 2, -3], [-1, 0], [0]]
32.131142857142855
Tabla número 14
[[-3, 9, 0, 0, 4], [-10, -7, -5, 10], [-5, -6, -8], [2, -9], [1]]
32.131142857142855
Tabla número 15
[[-5, -8, 1, 1, -2], [3, 5, -8, 0], [0, 2, -5], [7, 1], [10]]
32.131142857142855
Tabla número 16
[[9, 3, -4, 10, -7], [-7, -4, 4, -4], [0, -5, -1], [6, -10], [-10]]
33.81471428571428
Tabla número 17
[[-5, -7, 7, -7, -3], [-2, -4, -10, -9], [4, 7, -5], [8, 3], [-3]]
32.131142857142855
Tabla número 18
[[-4, 7, 0, -5, 9], [-10, -7, 0, 1], [1, -1, 8], [-5, 7], [6]]
32.131142857142855
Tabla número 19
[[1, -2, 2, 5, 0], [5, 8, -7, 10], [-5, 1, 6], [0, 0], [9]]
32.131142857142855
Tabla número 20
[[4, 0, 2, -6, -9], [-5, 3, -8, 10], [7, 1, 6], [-1, -2], [-4]]
35.44885714285714
Tabla número 21
[[-1, -5, -2, -5, 4], [3, 10, 9, 5], [-7, 10, -9], [9, -4], [0]]
36.45171428571429
Tabla número 22
[[-3, -6, -1, -4, 8], [-2, 0, 6, -6], [-3, 10, 0], [-8, -6], [-5]]
35.93485714285714
Tabla número 23
[[2, 8, 6, -1, 5], [4, -1, 7, 8], [0, 10, 8], [-5, -4], [-4]]
34.90957142857143
Tabla número 24
[[8, -7, -10, -10, 4], [5, -10, 5, 1], [2, 3, 4], [-9, 3], [-1]]
34.20342857142857
Tabla número 25
[[-5, 3, -2, -9, 10], [-5, -4, 3, 3], [0, -6, 2], [-1, 4], [-2]]
36.148428571428575
Tabla número 26
[[3, -1, -3, 3, 10], [-6, -3, 3, 3], [-9, 10, -3], [0, -9], [-7]]
35.989714285714285
Tabla número 27
[[10, 7, -8, -4, -2], [-9, 3, -6, 1], [-2, -3, -6], [-6, 1], [1]]
36.52214285714285
Tabla número 28
[[-8, 3, -7, -9, 8], [2, 5, -10, 10], [-10, 2, 7], [3, 0], [9]]
36.432857142857145
Tabla número 29
[[-3, 5, 2, 0, -10], [-2, 0, 3, 2], [-9, -5, 8], [-9, 8], [-2]]
34.21999999999999
Tabla número 30
[[4, -2, 0, 0, 1], [1, -4, 10, -2], [-2, 0, 4], [0, -10], [-9]]
35.980000000000004
Tabla número 31
[[4, -4, -10, -9, 9], [-1, 6, -2, 0], [9, 3, -5], [10, -1], [-2]]
38.62214285714286
Tabla número 32
[[2, 1, -9, 9, -3], [-5, -6, -9, -5], [-1, 0, 6], [-1, 6], [-1]]
37.62842857142857
Tabla número 33
[[-8, -2, 0, 1, 6], [-9, 3, 6, -10], [6, 1, 0], [-3, -3], [0]]
38.01814285714285
Tabla número 34
[[7, -2, 3, -9, 0], [10, 5, -5, -6], [6, 2, 0], [-1, -3], [0]]
37.77357142857142
Tabla número 35
[[1, -3, 2, -1, -10], [1, 0, -10, 3], [-10, 1, -10], [-5, 0], [0]]
34.84742857142857
Tabla número 36
[[4, -7, 6, 5, 3], [1, -10, 0, -4], [-1, -6, 4], [9, -8], [-7]]
38.06585714285713
Tabla número 37
[[8, 5, -8, 0, 5], [-7, -5, 9, 3], [-6, -10, 8], [4, 0], [-9]]
35.79185714285715
Tabla número 38
[[3, -9, 5, 3, 7], [-3, 6, 0, -1], [-1, 9, 5], [1, 3], [7]]
38.430714285714295
Tabla número 39
[[2, 1, -10, 7, 0], [-5, -9, -1, 0], [4, -6, -1], [4, 0], [3]]
34.28428571428571
