Tabla número 0
[[-8, 3, -7, -9, 8], [2, 5, -10, 10], [-10, 2, 7], [3, 0], [9]]
36.432857142857145
Tabla número 1
[[4, 0, 2, -6, -9], [-5, 3, -8, 10], [7, 1, 6], [-1, -2], [-4]]
35.44885714285714
Tabla número 2
[[6, -8, -5, 7, -6], [7, 5, 10, 3], [6, 5, 10], [3, 5], [4]]
32.131142857142855
Tabla número 3
[[2, 1, -9, 9, -3], [-5, -6, -9, -5], [-1, 0, 6], [-1, 6], [-1]]
35.989714285714285
Tabla número 4
[[0, -5, 0, -10, 8], [-5, 9, 0, -5], [0, -6, 5], [2, -10], [5]]
32.131142857142855
Tabla número 5
[[4, -9, 10, -6, 0], [2, 0, 1, 4], [-1, 10, 7], [-1, 6], [-7]]
32.131142857142855
Tabla número 6
[[10, 4, -6, 0, 3], [-3, -9, -1, 8], [-1, 4, 5], [4, 6], [3]]
32.131142857142855
Tabla número 7
[[4, -4, -10, -9, 9], [-1, 6, -2, 0], [9, 3, -5], [10, -1], [-2]]
32.131142857142855
Tabla número 8
[[1, -3, 2, -1, -10], [1, 0, -10, 3], [-10, 1, -10], [-5, 0], [0]]
32.131142857142855
Tabla número 9
[[-8, -2, 0, 1, 6], [-9, 3, 6, -10], [6, 1, 0], [-3, -3], [0]]
32.131142857142855
Tabla número 10
[[10, 7, -8, -4, -2], [-9, 3, -6, 1], [-2, -3, -6], [-6, 1], [1]]
32.131142857142855
Tabla número 11
[[-9, -2, 4, 5, 0], [4, -4, 4, 7], [-2, 6, 6], [-6, 4], [-9]]
32.131142857142855
Tabla número 12
[[4, -7, 6, 5, 3], [1, -10, 0, -4], [-1, -6, 4], [9, -8], [-7]]
32.131142857142855
Tabla número 13
[[-3, 5, 2, 0, -10], [-2, 0, 3, 2], [-9, -5, 8], [-9, 8], [-2]]
32.131142857142855
Tabla número 14
[[-1, -5, -2, -5, 4], [3, 10, 9, 5], [-7, 10, -9], [9, -4], [0]]
32.131142857142855
Tabla número 15
[[-5, 3, -2, -9, 10], [-5, -4, 3, 3], [0, -6, 2], [-1, 4], [-2]]
32.131142857142855
Tabla número 16
[[4, 0, 7, 8, -1], [1, -7, -4, 0], [-2, -6, -4], [10, 0], [5]]
32.131142857142855
Tabla número 17
[[-3, 9, 0, 0, 4], [-10, -7, -5, 10], [-5, -6, -8], [2, -9], [1]]
32.131142857142855
Tabla número 18
[[2, 8, 6, -1, 5], [4, -1, 7, 8], [0, 10, 8], [-5, -4], [-4]]
32.131142857142855
Tabla número 19
[[-2, 1, -2, -10, -7], [-7, 0, 6, -6], [-5, 2, -3], [-1, 0], [0]]
32.131142857142855
Tabla número 20
[[7, -2, 3, 0, 0], [1, -4, 10, -6], [-2, 0, 4], [0, -10], [-9]]
36.235
Tabla número 21
[[4, -2, 0, -9, 1], [10, 5, -5, -2], [6, 2, 0], [-1, -3], [0]]
37.37242857142858
Tabla número 22
[[-7, 8, -10, 8, -1], [5, -5, 0, 1], [2, 3, -5], [-9, -5], [-1]]
35.39071428571429
Tabla número 23
[[8, -7, -5, -10, 4], [2, -10, 5, 9], [2, 6, 4], [5, 3], [6]]
33.845
Tabla número 24
[[-4, -7, 0, -5, -3], [-2, -4, 0, 1], [4, -1, -5], [8, 3], [6]]
36.88214285714285
Tabla número 25
[[-5, 7, 7, -7, 9], [-10, -7, -10, -9], [1, 7, 8], [-5, 7], [-3]]
35.61057142857143
Tabla número 26
[[-5, -8, 1, 5, 0], [3, 8, -8, 10], [-5, 2, -5], [7, 0], [10]]
36.28042857142857
Tabla número 27
[[1, -2, 2, 1, -2], [5, 5, -7, 0], [0, 1, 6], [0, 1], [9]]
37.81642857142857
Tabla número 28
[[-8, 4, -6, -7, 0], [-5, -9, -1, -7], [3, -6, -1], [4, 4], [3]]
34.09428571428571
Tabla número 29
[[2, 1, -10, 7, 8], [-9, -7, -4, 0], [4, 6, -3], [-8, 0], [-5]]
36.72028571428571
Tabla número 30
[[-3, -6, -1, -4, 8], [-2, 0, 6, -6], [-3, 10, 0], [-8, -6], [-5]]
38.83971428571429
Tabla número 31
[[8, 5, -8, 0, 5], [-7, -5, 9, 3], [-6, -10, 8], [4, 0], [-9]]
35.09614285714286
Tabla número 32
[[-7, -7, -4, 10, -7], [1, -4, 1, -4], [0, -5, -3], [9, -10], [-10]]
38.79985714285714
Tabla número 33
[[9, 3, -5, -2, -1], [-7, -4, 4, 5], [0, 0, -1], [6, 4], [-10]]
37.42257142857142
Tabla número 34
[[3, -9, 5, 3, 6], [-3, 4, 0, -1], [-1, 9, 5], [1, 3], [7]]
39.37885714285714
Tabla número 35
[[-4, 9, 4, 10, 7], [0, 6, -10, -2], [-3, 5, 0], [-3, 1], [-7]]
35.56514285714286
Tabla número 36
[[3, -1, 1, 3, 10], [-6, 5, 0, 8], [-5, 10, -1], [0, -9], [8]]
34.52728571428572
Tabla número 37
[[5, 4, -3, -1, 4], [-9, -3, 3, 3], [-9, -9, -3], [-2, 5], [-7]]
36.53214285714286
Tabla número 38
[[-4, -4, -3, -6, 3], [-6, -7, 1, 6], [7, -3, 10], [10, 8], [4]]
36.25628571428572
Tabla número 39
[[9, 10, 9, 0, -2], [2, 2, -8, -10], [-1, -8, -9], [5, 1], [-1]]
35.59842857142858
