Tabla número 0
[[9, 10, 9, 0, -2], [2, 2, -8, -10], [-1, -8, -9], [5, 1], [-1]]
32.131142857142855
Tabla número 1
[[1, -2, 2, 5, 0], [5, 8, -7, 10], [-5, 1, 6], [0, 0], [9]]
32.131142857142855
Tabla número 2
[[9, -7, -2, -10, 4], [-5, -4, 5, 3], [2, 3, 5], [-1, 3], [-10]]
35.947428571428574
Tabla número 3
[[2, 1, -10, 7, 0], [-5, -9, -1, 0], [4, -6, -1], [4, 0], [3]]
32.131142857142855
Tabla número 4
[[-3, 5, -7, -9, -10], [-2, 0, 3, 10], [-9, 2, 7], [3, 0], [9]]
33.35257142857143
Tabla número 5
[[-5, -7, 7, -1, -3], [-3, -4, 6, 8], [-3, 10, 8], [1, -6], [-3]]
32.131142857142855
Tabla número 6
[[4, -4, -10, -9, 9], [-1, 6, -2, 0], [9, 3, -5], [10, -1], [-2]]
32.131142857142855
Tabla número 7
[[1, -9, 3, -9, 0], [10, 0, 1, -6], [-1, 1, 0], [-1, -3], [-7]]
35.834428571428575
Tabla número 8
[[10, 4, -6, 0, 3], [-3, -9, -1, 8], [-1, 4, 5], [4, 6], [3]]
32.131142857142855
Tabla número 9
[[4, -3, 10, -1, -10], [1, 0, -10, 3], [-10, 10, -10], [-1, 0], [0]]
32.131142857142855
Tabla número 10
[[3, -6, 2, 3, -9], [-2, 6, -10, 10], [-1, 1, 5], [8, -2], [7]]
32.131142857142855
Tabla número 11
[[4, 9, -8, 0, 6], [0, 4, 0, 3], [-1, 5, 4], [-3, -8], [-7]]
33.35257142857143
Tabla número 12
[[6, -8, -5, 7, -6], [7, 5, 10, 3], [6, 5, 10], [3, 5], [4]]
32.131142857142855
Tabla número 13
[[10, -1, -8, 3, 10], [-9, 3, 3, 1], [10, 10, -6], [-6, -9], [-7]]
32.131142857142855
Tabla número 14
[[7, -2, 2, -6, 0], [2, 5, -5, 4], [6, 2, 7], [-5, 6], [0]]
32.131142857142855
Tabla número 15
[[-4, -9, 5, -6, 7], [-10, -7, 0, -1], [1, 9, 6], [9, 7], [-4]]
32.131142857142855
Tabla número 16
[[4, -5, -2, -5, 4], [3, 3, -8, 5], [7, 10, -9], [-1, -4], [0]]
32.131142857142855
Tabla número 17
[[4, 0, 7, 8, -1], [1, -7, -4, 0], [-2, -6, -4], [10, 0], [5]]
32.131142857142855
Tabla número 18
[[-7, 9, 6, -2, -1], [1, -7, 1, 10], [-5, -6, -3], [2, -9], [-10]]
36.478142857142856
Tabla número 19
[[8, -7, -5, 5, 5], [1, -4, 9, 5], [0, 0, -8], [9, 4], [-7]]
33.35257142857143
Tabla número 20
[[-7, 8, -5, 8, -1], [2, -5, 0, 9], [2, 6, -5], [5, -5], [6]]
36.386857142857146
Tabla número 21
[[8, 3, -4, -9, -7], [-5, -4, 4, -4], [0, -5, 2], [6, -10], [-2]]
38.25628571428572
Tabla número 22
[[-8, -8, 1, 1, -2], [-9, 3, -8, -10], [0, 1, -5], [-3, -3], [0]]
41.51714285714286
Tabla número 23
[[-6, 4, 6, -4, 1], [1, -4, 10, -2], [0, -9, -1], [-2, -4], [-1]]
36.09657142857143
Tabla número 24
[[-9, -2, 4, 5, 0], [4, -4, 4, 7], [-2, 6, 6], [-6, 4], [-9]]
35.77442857142857
Tabla número 25
[[-3, 0, -1, -7, 8], [-2, -1, 0, -9], [4, 7, -5], [-5, 3], [-4]]
39.376571428571424
Tabla número 26
[[-5, 3, -10, 10, 10], [5, 9, 3, -5], [0, -6, 4], [-9, -10], [5]]
35.67657142857143
Tabla número 27
[[3, 7, -3, -6, -2], [-6, -3, 1, 3], [-2, -3, -3], [0, 1], [1]]
33.98057142857142
Tabla número 28
[[-1, 7, 0, -5, 6], [2, 5, 6, 2], [6, -1, 8], [7, 1], [10]]
35.35814285714286
Tabla número 29
[[-8, 3, 0, 1, 9], [-5, 10, 9, 1], [-7, 2, -2], [-5, 3], [6]]
35.95685714285714
Tabla número 30
[[-4, -4, -3, -4, 3], [-6, -7, -6, 6], [7, -3, 10], [10, 8], [4]]
34.79857142857143
Tabla número 31
[[-5, -2, 2, 0, 8], [3, 5, -10, 0], [-10, -5, 0], [-9, 5], [-2]]
37.13757142857143
Tabla número 32
[[-3, 1, -9, 9, 4], [-10, -5, -9, -5], [-1, 0, 8], [-1, 6], [1]]
38.622
Tabla número 33
[[0, -5, 0, -10, 8], [-7, -10, 0, 1], [0, -6, -1], [2, 4], [-1]]
36.81814285714285
Tabla número 34
[[-2, 1, 1, -1, -7], [-7, 0, 6, -6], [-5, 2, -3], [-1, 0], [8]]
37.831714285714284
Tabla número 35
[[5, -2, -2, -9, 4], [-9, 5, 0, 8], [-5, 10, 4], [-8, 5], [0]]
35.22542857142857
Tabla número 36
[[-8, 4, -6, -7, 8], [-9, -7, -4, -7], [3, 6, -3], [-8, 4], [-5]]
35.875571428571426
Tabla número 37
[[-4, -7, 4, 10, 3], [-7, -10, -10, -2], [-3, -10, 0], [4, 1], [-9]]
35.20385714285714
Tabla número 38
[[2, 5, 0, 0, -3], [-5, -6, -5, -4], [-6, -6, 6], [9, 0], [-1]]
34.31742857142858
Tabla número 39
[[2, 8, 0, 0, 5], [4, 0, 7, -6], [-2, 0, 0], [0, -10], [-5]]
36.32928571428571
