Tabla número 0
[[3, -9, 1, 3, 6], [-6, 5, 0, 8], [-1, 10, -1], [0, -9], [8]]
35.44885714285714
Tabla número 1
[[-3, -6, 4, -1, 10], [2, 2, 3, 3], [-1, 1, 6], [-6, 4], [-2]]
35.436
Tabla número 2
[[1, 7, 2, 1, -2], [-10, -7, -10, 0], [5, 7, 8], [-5, 1], [9]]
32.131142857142855
Tabla número 3
[[0, -5, 10, -6, 0], [-5, 9, 0, 4], [-1, -6, 5], [-1, 6], [5]]
35.436
Tabla número 4
[[2, 5, -8, 0, 8], [3, -7, -8, 0], [-6, 2, 8], [10, 0], [-9]]
33.95485714285714
Tabla número 5
[[-1, -5, -2, -5, 8], [3, 10, 4, 7], [-2, 10, 0], [9, -6], [0]]
32.131142857142855
Tabla número 6
[[8, -8, 1, 5, 0], [-7, 8, 9, 3], [-5, -10, -5], [7, 0], [10]]
32.131142857142855
Tabla número 7
[[9, 3, -2, -9, -10], [4, -4, 6, -10], [-10, -6, -9], [-1, 4], [-5]]
35.368
Tabla número 8
[[4, -7, 6, 5, 3], [1, -10, 0, -4], [-1, -6, 4], [9, -8], [-7]]
32.131142857142855
Tabla número 9
[[-9, -2, -1, -1, 4], [-2, 6, 9, 5], [-3, 5, -9], [-3, 1], [-7]]
32.131142857142855
Tabla número 10
[[-5, 10, 2, 0, -10], [-2, -4, 3, 3], [0, -5, 2], [5, 8], [-2]]
32.131142857142855
Tabla número 11
[[-4, -4, -10, -6, -9], [-6, 3, 0, 6], [2, 3, 10], [10, 8], [4]]
34.960857142857144
Tabla número 12
[[2, 8, -7, -1, 9], [2, 6, -2, 10], [0, 3, 7], [10, -4], [-4]]
32.131142857142855
Tabla número 13
[[-3, 9, 0, 0, 4], [-10, -7, -5, 10], [-5, -6, -8], [2, -9], [1]]
32.131142857142855
Tabla número 14
[[-5, 1, 7, 7, 5], [-9, -5, -4, 10], [-2, 6, -3], [4, 0], [5]]
32.131142857142855
Tabla número 15
[[-8, -2, 0, -9, 6], [-9, 5, -5, -2], [6, 1, 0], [-1, -3], [0]]
32.131142857142855
Tabla número 16
[[10, 4, -6, 0, 3], [-3, -9, -1, 8], [-1, 4, 5], [4, 6], [3]]
32.131142857142855
Tabla número 17
[[7, 0, 3, -7, 0], [-5, -5, -1, 10], [7, 1, -5], [-9, -2], [-9]]
32.131142857142855
Tabla número 18
[[6, -2, -5, -7, 9], [5, 5, -7, -9], [1, 1, 6], [0, 5], [4]]
32.131142857142855
Tabla número 19
[[8, -7, -5, -10, 4], [2, -10, 5, 9], [2, 6, 4], [5, 3], [6]]
32.131142857142855
Tabla número 20
[[-3, -1, -3, 0, 3], [-3, -7, -8, -1], [-9, -3, 8], [-1, -5], [-1]]
39.557285714285726
Tabla número 21
[[3, 5, 9, 2, -2], [-5, 0, 1, 2], [7, -8, 6], [-9, 1], [7]]
36.04628571428571
Tabla número 22
[[4, -2, 0, 1, 1], [10, 3, 6, -10], [6, 2, 0], [-3, -1], [0]]
38.184714285714286
Tabla número 23
[[2, 1, -9, 9, -3], [-5, -6, -9, -5], [-1, 0, 6], [-1, 6], [-1]]
37.25985714285714
Tabla número 24
[[-7, 8, 5, -6, 10], [5, 4, 0, 1], [-5, 9, 5], [1, 3], [-4]]
34.68957142857143
Tabla número 25
[[10, 9, 4, -4, 7], [-9, -3, -10, 1], [-9, -9, -6], [-6, 5], [-7]]
36.99785714285714
Tabla número 26
[[5, 3, -8, 10, 8], [0, -1, -10, 3], [-2, 10, 8], [-2, -1], [1]]
36.17942857142857
Tabla número 27
[[4, 7, 6, -9, -2], [4, 3, -6, 0], [9, -3, 0], [3, 1], [-2]]
37.350857142857144
Tabla número 28
[[-2, 1, -6, 0, 0], [-7, -4, 10, -6], [-2, 2, -3], [4, 4], [3]]
37.14742857142858
Tabla número 29
[[-8, 5, -2, -10, -7], [-5, 0, 6, -7], [-5, 0, -1], [-1, 0], [0]]
33.30485714285714
Tabla número 30
[[-5, -9, 7, 7, -6], [7, 5, 1, 3], [0, 5, 7], [2, 7], [-3]]
36.292142857142856
Tabla número 31
[[4, -8, 0, -10, 8], [2, 0, 10, -5], [6, 10, 10], [3, -10], [-7]]
35.1
Tabla número 32
[[4, 4, 2, 8, -7], [1, -9, 1, -4], [0, -6, 4], [9, -10], [-1]]
35.811571428571426
Tabla número 33
[[-7, -7, -4, 10, -1], [1, -4, -8, -6], [3, -5, -3], [0, 1], [-10]]
38.56328571428571
Tabla número 34
[[1, -3, 2, 5, 0], [1, 0, -10, -6], [-3, 6, -10], [-5, 0], [0]]
37.280857142857144
Tabla número 35
[[9, 3, -5, -2, -1], [-7, -4, 4, 5], [0, 0, -1], [3, 4], [-10]]
36.774571428571434
Tabla número 36
[[4, 4, -3, -4, 4], [1, -7, 3, -2], [4, 10, -4], [-8, -4], [-9]]
36.457857142857144
Tabla número 37
[[-4, 0, -10, 8, -1], [-9, 0, -4, 0], [-7, -6, -3], [-8, 0], [-5]]
37.21628571428571
Tabla número 38
[[-8, -4, 0, -9, -3], [-1, 5, 0, 8], [4, 2, -5], [8, 0], [9]]
33.892714285714284
Tabla número 39
[[-4, -7, -10, -5, 5], [-2, -4, 7, 1], [-10, -1, -5], [-5, 3], [6]]
37.33071428571429
