Tabla número 0
[[9, 10, 9, 0, -2], [2, 2, -8, -10], [-1, -8, -9], [5, 1], [-1]]
32.131142857142855
Tabla número 1
[[3, -8, -5, 3, -9], [7, 6, -10, 3], [6, 5, 10], [3, -2], [4]]
36.22785714285714
Tabla número 2
[[8, -7, -5, 5, 5], [1, -4, 9, 5], [0, 0, -8], [9, 4], [-7]]
32.131142857142855
Tabla número 3
[[-2, -2, 1, -1, 4], [-7, 0, 6, 8], [-5, 2, 4], [-1, 5], [8]]
32.131142857142855
Tabla número 4
[[-8, 7, 0, 1, 9], [2, 10, 6, 2], [6, -1, -2], [7, 1], [10]]
36.22785714285714
Tabla número 5
[[-7, 5, 0, -2, -3], [1, -6, 0, 10], [-5, -6, -3], [2, -9], [-10]]
32.131142857142855
Tabla número 6
[[9, -2, -2, -6, 4], [-5, -4, -5, 3], [6, 2, 5], [-5, 6], [0]]
39.62457142857143
Tabla número 7
[[-4, -9, 5, -6, 7], [-10, -7, 0, -1], [1, 9, 6], [9, 7], [-4]]
32.131142857142855
Tabla número 8
[[7, -7, 2, -10, 0], [2, 5, 5, 4], [2, 3, 7], [-1, 3], [-10]]
32.131142857142855
Tabla número 9
[[-5, -4, 2, -4, 8], [3, 5, -6, 0], [7, -3, 0], [-9, 8], [-2]]
34.11642857142858
Tabla número 10
[[-4, -2, -3, 0, 3], [-6, -7, -10, 6], [-10, -5, 10], [10, 5], [4]]
32.131142857142855
Tabla número 11
[[5, 1, -2, -9, -7], [-9, 5, 0, -6], [-5, 10, -3], [-8, 0], [0]]
32.131142857142855
Tabla número 12
[[1, -2, 2, 5, 0], [5, 8, -7, 10], [-5, 1, 6], [0, 0], [9]]
32.131142857142855
Tabla número 13
[[4, -5, -2, -9, 4], [3, 6, -8, 0], [7, 10, -5], [-1, -4], [0]]
32.131142857142855
Tabla número 14
[[2, 9, 6, 0, -1], [-5, -7, 1, -4], [-3, -6, 6], [9, 0], [-1]]
32.131142857142855
Tabla número 15
[[8, 3, -5, 8, -7], [2, -4, 4, 9], [0, 6, -5], [6, -5], [-2]]
32.131142857142855
Tabla número 16
[[2, 1, -10, 7, 0], [-5, -9, -1, 0], [4, -6, -1], [4, 0], [3]]
32.131142857142855
Tabla número 17
[[10, 4, -6, 0, 3], [-3, -9, -1, 8], [-1, 4, 5], [4, 6], [3]]
32.131142857142855
Tabla número 18
[[4, 0, 7, 0, -1], [1, 0, 7, -6], [-2, -6, 0], [10, 0], [5]]
32.131142857142855
Tabla número 19
[[3, 7, -3, -6, -2], [-6, -3, 1, 3], [-2, -3, -3], [0, 1], [1]]
36.22785714285714
Tabla número 20
[[10, -1, -8, 3, 10], [-9, 3, 3, 1], [10, 10, -6], [-6, -9], [-7]]
34.71528571428571
Tabla número 21
[[-3, 1, -9, 9, 4], [-10, -5, -9, -5], [-1, 0, 8], [-1, 6], [1]]
37.522714285714294
Tabla número 22
[[1, -9, 3, -9, 0], [10, 0, 1, -6], [-1, 1, 0], [-1, -3], [-7]]
34.892857142857146
Tabla número 23
[[-1, 3, 0, -5, 6], [-5, 5, 9, 1], [-7, 2, 8], [-5, 3], [6]]
35.46828571428571
Tabla número 24
[[-5, 3, -10, 10, 10], [5, 9, 3, -5], [0, -6, 4], [-9, -10], [5]]
38.76842857142857
Tabla número 25
[[6, -6, 2, 7, -6], [-2, 5, 10, 10], [-1, 1, 5], [9, 5], [7]]
34.69857142857143
Tabla número 26
[[-7, 8, -4, -9, 7], [-5, -5, 0, -4], [2, -5, 2], [5, -10], [6]]
36.48314285714286
Tabla número 27
[[-8, 3, 6, 1, 1], [1, 3, 10, -2], [0, -9, -1], [-2, -4], [-1]]
36.11185714285714
Tabla número 28
[[-3, -2, -1, -7, 8], [4, -4, 4, -9], [-2, 7, 6], [-5, -8], [-4]]
36.12914285714286
Tabla número 29
[[-6, -7, 1, -4, -2], [-9, -10, -8, -2], [-3, -10, -5], [4, -3], [-9]]
36.478142857142856
Tabla número 30
[[4, 9, -8, 0, 6], [0, 4, 0, 3], [-1, 5, 4], [-3, -8], [-7]]
34.692571428571426
Tabla número 31
[[-5, -7, 7, -1, -3], [-3, -4, 6, 8], [-3, 10, 8], [1, -6], [-3]]
36.444857142857146
Tabla número 32
[[4, -4, -10, -5, 9], [-1, 3, -2, 5], [9, 3, -9], [10, -1], [-2]]
36.28628571428571
Tabla número 33
[[-8, 4, -6, -7, 8], [-9, -7, -4, -7], [3, 6, -3], [-8, 4], [-5]]
37.41014285714285
Tabla número 34
[[0, -5, 0, -10, 8], [-7, -10, 0, 1], [0, -6, -1], [2, 4], [-1]]
37.43785714285714
Tabla número 35
[[4, -3, 10, -1, -10], [1, 0, -10, 3], [-10, 10, -10], [-1, 0], [0]]
37.034
Tabla número 36
[[-4, 4, 4, 10, 3], [-7, -4, -10, -10], [0, 1, 0], [-3, 1], [0]]
34.70528571428571
Tabla número 37
[[-9, 0, 4, 5, 0], [-2, -1, 0, 7], [4, 6, -5], [-6, 4], [0]]
35.71785714285714
Tabla número 38
[[2, 8, 0, 8, 5], [4, -7, -4, 0], [-2, 0, -4], [0, -10], [-5]]
35.623571428571424
Tabla número 39
[[-3, 5, -7, -9, -10], [-2, 0, 3, 10], [-9, 2, 7], [3, 0], [9]]
33.35257142857143
