Tabla número 0
[[5, 1, -2, 0, 5], [4, 3, 10, -9], [-2, -9, -3], [0, -1], [1]]
35.81471428571429
Tabla número 1
[[-4, -2, 0, 8, 10], [-9, -5, -5, -1], [10, 9, 10], [9, -7], [6]]
32.131142857142855
Tabla número 2
[[-2, 8, -5, -9, -1], [-5, -10, 0, -4], [-3, -8, -5], [-6, -9], [0]]
34.921
Tabla número 3
[[0, -5, 4, -1, 0], [-10, -1, 0, 3], [4, 0, -1], [0, 7], [0]]
34.17471428571429
Tabla número 4
[[8, 5, 7, -9, 3], [1, -4, 0, 9], [-2, 6, 5], [2, 4], [-10]]
35.15828571428571
Tabla número 5
[[1, -4, 2, -4, 8], [3, -4, -6, 1], [-2, -3, 6], [-5, 0], [-4]]
34.11642857142858
Tabla número 6
[[-7, -3, -5, -6, 4], [2, -4, 4, -4], [-1, 6, 4], [5, 6], [-2]]
34.921
Tabla número 7
[[2, 0, 9, 7, 9], [-5, -9, -8, -10], [9, -5, 2], [10, 1], [-1]]
35.74028571428571
Tabla número 8
[[7, -7, -9, -1, 8], [-3, 4, -7, 7], [-10, 1, 7], [-6, 0], [-10]]
36.17328571428571
Tabla número 9
[[10, -9, -6, -5, 6], [-3, -9, -1, 8], [-7, 4, 5], [4, 3], [6]]
34.11642857142858
Tabla número 10
[[-6, 10, -6, 1, -2], [-9, 2, -2, 10], [-3, 6, -9], [9, 6], [-2]]
34.11642857142858
Tabla número 11
[[6, -2, 2, -10, 0], [2, 5, 3, 4], [0, 1, 5], [0, -10], [-10]]
35.15828571428571
Tabla número 12
[[-9, 9, 2, 5, 4], [5, 8, -8, -2], [-5, -10, 6], [1, -6], [-3]]
35.89271428571429
Tabla número 13
[[-9, 0, -2, 5, -7], [-10, -4, -10, 3], [6, -6, -10], [-5, -5], [-1]]
32.131142857142855
Tabla número 14
[[8, 3, 10, -10, -3], [-7, 5, 5, 1], [-1, 10, -5], [-1, 3], [1]]
33.41771428571429
Tabla número 15
[[4, -9, -4, 8, 7], [-2, 0, -4, -10], [1, 10, 6], [-1, -10], [-5]]
34.11642857142858
Tabla número 16
[[4, -1, 1, 5, -3], [-7, 3, 1, 1], [7, 2, -6], [-3, -9], [-7]]
35.89271428571429
Tabla número 17
[[-8, 7, 7, 9, 5], [2, -4, 6, 5], [0, 0, -8], [-3, 1], [9]]
34.11642857142858
Tabla número 18
[[-3, -7, 0, -4, 9], [0, 10, 0, 2], [6, -1, -5], [7, -3], [-9]]
34.11642857142858
Tabla número 19
[[-8, -7, -3, -6, 6], [1, -7, 9, -8], [-3, 10, -2], [9, 4], [10]]
32.131142857142855
Tabla número 20
[[-5, -6, -10, 10, 10], [5, 9, 10, -5], [-1, -6, 4], [-9, 5], [7]]
36.132000000000005
Tabla número 21
[[4, 4, -10, -7, 8], [-9, 3, -4, -7], [3, 3, -3], [10, -1], [6]]
37.71314285714285
Tabla número 22
[[9, -4, -10, 0, 0], [-1, -7, 7, 2], [4, -6, -1], [-7, 0], [3]]
35.82685714285714
Tabla número 23
[[3, 9, -2, 3, -9], [-5, 6, -10, 3], [6, 5, 6], [3, 0], [0]]
34.393857142857144
Tabla número 24
[[-4, 8, -5, -9, -10], [-5, -3, -10, 0], [-10, -5, 0], [-9, -3], [-2]]
39.27885714285714
Tabla número 25
[[-3, -2, -1, 1, 1], [1, -7, 4, -2], [0, 7, -4], [-2, -4], [4]]
37.81714285714286
Tabla número 26
[[10, 3, -7, 3, 8], [-7, 5, 3, 6], [-5, 2, 7], [-1, 1], [-7]]
35.91757142857143
Tabla número 27
[[1, 3, 2, 7, -6], [-2, -5, -9, 10], [2, 0, 4], [9, -8], [5]]
35.74628571428571
Tabla número 28
[[1, -2, 0, -7, 0], [-6, 0, -10, 10], [-1, 2, 8], [10, -8], [-7]]
35.40014285714285
Tabla número 29
[[2, 4, 3, 0, 4], [3, 5, 1, 0], [7, 1, 0], [-1, -4], [-1]]
37.08571428571428
Tabla número 30
[[-3, 4, 0, 0, 3], [4, 0, 3, 0], [-9, 1, 0], [3, 0], [5]]
35.672000000000004
Tabla número 31
[[4, -7, -8, 0, 0], [-2, 0, 0, 8], [-1, 3, 8], [-1, 4], [0]]
35.345571428571425
Tabla número 32
[[4, -8, -8, -1, -10], [7, 6, -8, 8], [-10, -6, 10], [9, -2], [4]]
37.074714285714286
Tabla número 33
[[-1, -5, 6, 0, 3], [10, -7, 9, -6], [-1, 10, -5], [-1, 6], [3]]
37.24785714285714
Tabla número 34
[[-4, 1, 4, 10, -1], [1, 0, -1, 0], [0, -6, 0], [4, 0], [0]]
36.21328571428572
Tabla número 35
[[3, 7, 0, -2, -7], [1, -6, 0, -6], [-5, 10, -3], [-8, 5], [0]]
38.78642857142857
Tabla número 36
[[-8, 1, 1, -5, -2], [2, -10, 6, 5], [2, 5, 8], [4, 4], [9]]
34.45328571428571
Tabla número 37
[[-8, 3, 6, -6, -2], [-9, -3, 1, 3], [-2, -3, -1], [-5, 1], [-1]]
33.84442857142857
Tabla número 38
[[-7, 5, -3, -9, 4], [-6, 5, 6, 10], [-5, -6, -3], [2, 0], [-8]]
34.585
Tabla número 39
[[9, -2, 5, -9, 7], [-5, -7, 4, 3], [0, 2, -9], [6, 5], [-4]]
35.805857142857135
