Tabla número 0
[[10, 4, -6, 0, 3], [-3, -9, -1, 8], [-1, 4, 5], [4, 6], [3]]
33.974
Tabla número 1
[[-7, 5, 0, -2, 4], [1, -6, 6, 10], [-5, -6, -3], [2, 5], [8]]
32.131142857142855
Tabla número 2
[[-8, 7, 0, 1, 9], [2, 10, 6, 2], [6, -1, -2], [7, 1], [10]]
32.131142857142855
Tabla número 3
[[-5, -6, -10, 10, 10], [5, 9, 10, -5], [-1, -6, 4], [-9, 5], [7]]
34.11642857142858
Tabla número 4
[[4, 4, -10, -7, 8], [-9, 3, -4, -7], [3, 3, -3], [10, -1], [-5]]
32.131142857142855
Tabla número 5
[[8, 3, -2, 8, -7], [2, -4, -5, 9], [6, 6, 5], [-5, -5], [0]]
32.131142857142855
Tabla número 6
[[-3, 8, 0, 8, -10], [4, 0, 3, 0], [-9, 2, 7], [3, 0], [-5]]
34.26457142857143
Tabla número 7
[[-1, -9, 3, -5, 6], [10, 5, 9, -6], [-7, 1, 0], [-1, 3], [6]]
33.974
Tabla número 8
[[9, -2, -5, -6, 4], [-5, -4, 4, 3], [0, 2, -5], [6, 6], [-2]]
32.131142857142855
Tabla número 9
[[1, 3, 0, -9, 0], [-5, 0, 1, 1], [-1, 2, 8], [-5, -3], [-7]]
32.131142857142855
Tabla número 10
[[7, -7, 2, -10, 0], [2, 5, 5, 4], [2, 3, 7], [-1, 3], [-10]]
32.131142857142855
Tabla número 11
[[-7, 8, -4, -9, 7], [-5, -5, 0, -4], [2, -5, 2], [5, -10], [6]]
32.131142857142855
Tabla número 12
[[4, -3, 0, -10, -10], [-7, -10, -10, 1], [0, -6, -10], [2, 0], [-1]]
32.131142857142855
Tabla número 13
[[-2, -2, 1, -1, -3], [-7, 0, 0, 8], [-5, 2, 4], [-1, -9], [-10]]
32.131142857142855
Tabla número 14
[[-8, 3, 6, 1, 1], [1, 3, 10, -2], [0, -9, -1], [-2, -4], [-1]]
33.974
Tabla número 15
[[3, 7, -3, -6, -2], [-6, -3, 1, 3], [-2, -3, -3], [0, 1], [1]]
32.131142857142855
Tabla número 16
[[2, 1, -10, 7, 0], [-5, -9, -1, 0], [4, -6, -1], [4, 0], [3]]
34.41128571428571
Tabla número 17
[[2, -5, 6, 0, 4], [3, -7, 1, 0], [7, 10, -5], [-1, -4], [-1]]
32.131142857142855
Tabla número 18
[[8, -7, -5, 5, 5], [1, -4, 9, 5], [0, 0, -8], [9, 4], [-7]]
33.974
Tabla número 19
[[-5, 9, 2, 5, 0], [-3, 8, -7, 10], [-1, 5, 6], [1, 0], [9]]
34.41128571428571
Tabla número 20
[[-6, -7, 1, -4, -2], [-9, -10, -8, -2], [-3, -10, -5], [4, -3], [-9]]
37.86571428571428
Tabla número 21
[[4, -7, -8, -1, 6], [0, -4, 6, 8], [-3, 10, 8], [-3, -6], [-7]]
36.25857142857142
Tabla número 22
[[6, 3, 2, 7, -6], [-2, 5, 3, 10], [0, 1, 5], [9, -10], [5]]
36.228142857142856
Tabla número 23
[[5, 1, -2, -9, -7], [-9, 5, 0, -6], [-5, 10, -3], [-8, 0], [0]]
38.641571428571424
Tabla número 24
[[4, 9, -2, -9, -1], [-5, 6, -8, -4], [-3, -6, 6], [9, 0], [0]]
36.51285714285715
Tabla número 25
[[10, -1, -8, 3, 10], [-9, 3, 3, 1], [10, 10, -6], [-6, -9], [-7]]
37.63014285714286
Tabla número 26
[[1, -4, 2, -4, 8], [3, 5, -6, 0], [7, -3, 0], [-9, 8], [-2]]
36.79828571428571
Tabla número 27
[[-8, -4, -6, -5, 9], [-1, -7, -2, 5], [9, 6, -9], [-8, 4], [-2]]
36.307142857142864
Tabla número 28
[[4, 0, 7, 0, -1], [1, 0, 7, 2], [-2, -6, 0], [10, 0], [5]]
35.882
Tabla número 29
[[-4, 4, 4, 10, 3], [-7, -4, -10, -10], [0, 1, 0], [-3, 1], [0]]
34.87985714285715
Tabla número 30
[[9, 10, 9, 0, -2], [2, 2, -8, -10], [-1, -8, -9], [5, 1], [-1]]
37.11085714285714
Tabla número 31
[[3, -8, -5, 3, -9], [7, 6, -10, 3], [6, 5, 10], [3, -2], [4]]
36.22785714285714
Tabla número 32
[[-4, -2, -7, 0, 5], [-6, -7, -10, 10], [-2, -5, -4], [10, -10], [4]]
36.65242857142857
Tabla número 33
[[-3, -2, -1, -7, 8], [4, -4, 4, -9], [-2, 7, 6], [-5, -8], [-4]]
38.65185714285714
Tabla número 34
[[-9, 0, 4, 5, 0], [-2, -1, 0, 7], [4, 6, -5], [-6, 4], [0]]
35.103142857142856
Tabla número 35
[[0, -5, 10, -1, 8], [1, 0, 0, 3], [-10, 10, -1], [-1, 4], [0]]
34.879714285714286
Tabla número 36
[[2, 5, -3, -9, 3], [-2, -7, -4, 6], [-10, 0, 10], [0, 5], [9]]
34.74442857142857
Tabla número 37
[[-4, -9, 5, -6, 7], [-10, -7, 0, -1], [1, 9, 6], [9, 7], [-4]]
34.82542857142857
Tabla número 38
[[1, -2, 7, 0, -3], [5, 4, 0, 3], [-5, 1, 4], [0, -8], [-3]]
34.081
Tabla número 39
[[-3, 1, -9, 9, 4], [-10, -5, -9, -5], [-1, 0, 8], [-1, 6], [1]]
36.17357142857143
