Tabla número 0
[[-3, -2, -1, 1, 1], [1, -7, 4, -2], [0, 7, -4], [-2, -4], [4]]
34.11642857142858
Tabla número 1
[[8, 5, 7, 8, 7], [1, -4, -4, -10], [-2, 6, 6], [-1, 4], [-5]]
36.06614285714286
Tabla número 2
[[0, -5, 4, -1, 0], [-10, -1, 0, 3], [4, 0, -1], [0, 7], [0]]
32.131142857142855
Tabla número 3
[[-8, 3, 6, 0, 5], [4, 3, 10, -9], [-2, -9, -1], [-5, -10], [-1]]
34.96714285714286
Tabla número 4
[[3, 7, -3, -9, -7], [-6, 5, 0, -6], [-5, 10, -3], [-8, 0], [0]]
34.692142857142855
Tabla número 5
[[-8, -7, -3, -6, 6], [1, -7, 9, -8], [-3, 10, -2], [9, 4], [10]]
34.11642857142858
Tabla número 6
[[-3, 4, 0, 0, 3], [4, 0, 3, 0], [-9, 1, 0], [3, 0], [5]]
34.11642857142858
Tabla número 7
[[6, -2, 2, -10, 0], [2, 5, 3, 4], [0, 1, 5], [0, -10], [-10]]
32.131142857142855
Tabla número 8
[[3, 9, -2, 3, -9], [-5, 6, -10, 3], [6, 5, 6], [3, 0], [0]]
34.11642857142858
Tabla número 9
[[5, 1, -2, -6, -2], [-9, -3, 1, 3], [-2, -3, -3], [0, 1], [1]]
34.11642857142858
Tabla número 10
[[1, -4, 2, -4, 8], [3, -4, -6, 1], [-2, -3, 6], [-5, 0], [-4]]
32.131142857142855
Tabla número 11
[[-5, -6, -10, 10, 10], [5, 9, 10, -5], [-1, -6, 4], [-9, 5], [7]]
32.131142857142855
Tabla número 12
[[2, -5, 6, 0, 4], [3, -7, 1, 0], [7, 10, -5], [-1, -4], [-1]]
32.131142857142855
Tabla número 13
[[4, -9, -4, -9, 3], [-2, 0, 0, 9], [1, 10, 5], [2, -10], [-10]]
34.11642857142858
Tabla número 14
[[4, 4, -10, -7, 8], [-9, 3, -4, -7], [3, 3, -3], [10, -1], [6]]
32.131142857142855
Tabla número 15
[[-8, 7, 7, 9, 5], [2, -4, 6, 5], [0, 0, -8], [-3, 1], [9]]
34.11642857142858
Tabla número 16
[[10, -1, 1, 3, -3], [-7, 3, 3, 1], [-5, 2, -6], [-1, -9], [-7]]
32.131142857142855
Tabla número 17
[[-7, 5, 0, -2, 4], [1, -6, 6, 10], [-5, -6, -3], [2, 5], [8]]
32.131142857142855
Tabla número 18
[[1, -2, 0, -7, 0], [-6, 0, -10, 10], [-1, 2, 8], [10, -8], [-7]]
33.41771428571429
Tabla número 19
[[1, 3, 2, 7, -6], [-2, -5, -9, 10], [2, 0, 4], [9, -8], [5]]
34.11642857142858
Tabla número 20
[[-7, 8, 5, -9, 7], [-5, -7, 4, -4], [-1, -8, -9], [5, 5], [-4]]
35.35228571428571
Tabla número 21
[[9, -2, -5, -6, 4], [-5, -4, 4, 3], [0, 2, -5], [6, 6], [-2]]
39.088
Tabla número 22
[[-9, 9, 2, 5, 4], [5, 8, 6, 10], [-5, 5, 6], [1, -6], [9]]
33.974
Tabla número 23
[[-6, 1, 1, 1, -2], [-9, -10, -8, -2], [-3, -10, 8], [4, 6], [-3]]
37.32828571428571
Tabla número 24
[[4, -8, -5, -9, -1], [7, 6, -8, -4], [-3, -6, 10], [9, -2], [4]]
36.96957142857143
Tabla número 25
[[-2, -3, -8, -1, -10], [2, -10, 0, 8], [0, 6, 4], [-6, -9], [0]]
35.605000000000004
Tabla número 26
[[4, -7, -8, -1, 0], [-3, 4, -7, 8], [-1, 1, 8], [-1, 0], [-7]]
35.67885714285714
Tabla número 27
[[7, -7, -9, 0, 8], [-2, 0, 0, 7], [-10, 3, 7], [-6, 4], [0]]
37.629714285714286
Tabla número 28
[[-4, 0, 4, 10, -1], [1, 0, 7, 2], [0, -6, 0], [10, 0], [0]]
34.380857142857145
Tabla número 29
[[2, 1, -10, 7, 0], [-5, -9, -1, 0], [4, -6, -1], [4, 0], [3]]
36.286428571428566
Tabla número 30
[[-4, 3, -7, -9, 8], [-5, 5, 1, 0], [7, -5, 0], [-9, -3], [-2]]
37.43871428571428
Tabla número 31
[[4, 8, -5, 5, -10], [-7, -3, -10, 6], [-10, 2, 7], [-3, 1], [-7]]
37.32471428571428
Tabla número 32
[[-8, -4, -6, -5, 9], [-1, -7, -2, 5], [9, 6, -9], [-8, 4], [-2]]
35.245000000000005
Tabla número 33
[[9, 10, 9, 0, -2], [2, 2, -8, -10], [2, -5, 2], [9, 1], [-1]]
36.34185714285714
Tabla número 34
[[-1, -9, 3, -5, 6], [10, 5, 9, -6], [-7, 1, 0], [-1, 3], [6]]
36.61042857142858
Tabla número 35
[[10, 4, -6, 0, 3], [-3, -9, -1, 8], [-1, 4, 5], [4, 6], [3]]
34.63014285714286
Tabla número 36
[[8, 3, -2, -10, -7], [-7, -4, -10, 1], [6, -6, -10], [-5, -5], [-1]]
35.15157142857143
Tabla número 37
[[-9, 0, 10, 5, -3], [-10, 5, 5, 3], [-1, 10, -5], [-1, 3], [1]]
35.112428571428566
Tabla número 38
[[-4, -2, 0, 8, 10], [-9, -5, -5, -1], [10, 9, 10], [9, -7], [6]]
37.40885714285714
Tabla número 39
[[-3, -7, 0, -4, 9], [0, 10, 0, 2], [6, -1, -5], [7, -3], [-9]]
36.998714285714286
