Tabla número 0
[[-3, 5, -7, -9, -10], [-2, 0, 3, 10], [-9, 2, 7], [3, 0], [9]]
33.35257142857143
Tabla número 1
[[4, 9, -8, 0, 6], [0, 4, 0, 3], [-1, 5, 4], [-3, -8], [-7]]
36.478142857142856
Tabla número 2
[[2, 1, -10, 7, 0], [-5, -9, -1, 0], [4, -6, -1], [4, 0], [3]]
32.131142857142855
Tabla número 3
[[3, 7, -3, -6, -2], [-6, -3, 1, 3], [-2, -3, -3], [0, 1], [1]]
32.131142857142855
Tabla número 4
[[-2, -2, 1, -1, 4], [-7, 0, 6, 8], [-5, 2, 4], [-1, 5], [8]]
32.131142857142855
Tabla número 5
[[8, -7, -5, 5, 5], [1, -4, 9, 5], [0, 0, -8], [9, 4], [-7]]
32.131142857142855
Tabla número 6
[[-5, -7, 7, -1, -3], [-3, -4, 6, 8], [-3, 10, 8], [1, -6], [-3]]
34.892857142857146
Tabla número 7
[[5, 1, -2, -9, -7], [-9, 5, 0, -6], [-5, 10, -3], [-8, 0], [0]]
32.131142857142855
Tabla número 8
[[1, -2, 2, 5, 0], [5, 8, -7, 10], [-5, 1, 6], [0, 0], [9]]
32.131142857142855
Tabla número 9
[[-4, -9, 5, -6, 7], [-10, -7, 0, -1], [1, 9, 6], [9, 7], [-4]]
32.131142857142855
Tabla número 10
[[10, 4, -6, 0, 3], [-3, -9, -1, 8], [-1, 4, 5], [4, 6], [3]]
32.131142857142855
Tabla número 11
[[-5, 3, -10, 10, 10], [5, 9, 3, -5], [0, -6, 4], [-9, -10], [5]]
32.131142857142855
Tabla número 12
[[-3, 1, -9, 9, 4], [-10, -5, -9, -5], [-1, 0, 8], [-1, 6], [1]]
32.131142857142855
Tabla número 13
[[-5, -4, 2, -4, 8], [3, 5, -6, 0], [7, -3, 0], [-9, 8], [-2]]
32.131142857142855
Tabla número 14
[[-8, 4, -6, -7, 8], [-9, -7, -4, -7], [3, 6, -3], [-8, 4], [-5]]
32.131142857142855
Tabla número 15
[[9, 10, 9, 0, -2], [2, 2, -8, -10], [-1, -8, -9], [5, 1], [-1]]
32.131142857142855
Tabla número 16
[[8, 3, -5, 8, -7], [2, -4, 4, 9], [0, 6, -5], [6, -5], [-2]]
36.22785714285714
Tabla número 17
[[-4, -2, -3, 0, 3], [-6, -7, -10, 6], [-10, -5, 10], [10, 5], [4]]
32.131142857142855
Tabla número 18
[[10, -1, -8, 3, 10], [-9, 3, 3, 1], [10, 10, -6], [-6, -9], [-7]]
32.131142857142855
Tabla número 19
[[4, -3, 10, -1, -10], [1, 0, -10, 3], [-10, 10, -10], [-1, 0], [0]]
32.131142857142855
Tabla número 20
[[-1, 3, 0, -5, 6], [-5, 5, 9, 1], [-7, 2, 8], [-5, 3], [6]]
35.947428571428574
Tabla número 21
[[0, -5, 0, -10, 8], [-7, -10, 0, 1], [0, -6, -1], [2, 4], [-1]]
38.140571428571434
Tabla número 22
[[7, -2, 2, -6, 0], [2, 5, -5, 4], [6, 2, 7], [-5, 6], [0]]
36.02442857142857
Tabla número 23
[[9, -7, -2, -10, 4], [-5, -4, 5, 3], [2, 3, 5], [-1, 3], [-10]]
37.24099999999999
Tabla número 24
[[-4, -7, 4, 10, 3], [-7, -10, -10, -2], [-3, -10, 0], [4, 1], [-9]]
35.834428571428575
Tabla número 25
[[-6, 4, 1, -4, -2], [-9, -4, -8, -10], [0, 1, -5], [-3, -3], [0]]
36.64985714285714
Tabla número 26
[[4, -4, -10, -9, 9], [-1, 6, -2, 0], [9, 3, -5], [10, -1], [-2]]
40.07471428571428
Tabla número 27
[[4, -5, -2, -5, 4], [3, 3, -8, 5], [7, 10, -9], [-1, -4], [0]]
36.79457142857143
Tabla número 28
[[-8, 7, 0, 1, 9], [2, 10, 6, 2], [6, -1, -2], [7, 1], [10]]
34.028
Tabla número 29
[[-8, -8, 6, 1, 1], [1, 3, 10, -2], [0, -9, -1], [-2, -4], [-1]]
36.17985714285714
Tabla número 30
[[6, -8, -5, 7, -6], [7, 5, 10, 3], [6, 5, 10], [3, 5], [4]]
35.67857142857143
Tabla número 31
[[3, -6, 2, 3, -9], [-2, 6, -10, 10], [-1, 1, 5], [8, -2], [7]]
35.623714285714286
Tabla número 32
[[-7, 9, 6, -2, -1], [1, -7, 1, 10], [-5, -6, -3], [2, -9], [-10]]
35.178285714285714
Tabla número 33
[[2, 5, 0, 0, -3], [-5, -6, -5, -4], [-3, -6, 6], [9, 0], [-1]]
35.85628571428571
Tabla número 34
[[-7, 8, -4, -9, -1], [-5, -5, 0, -4], [2, -5, 2], [5, -10], [6]]
36.28971428571428
Tabla número 35
[[-3, -2, -1, -7, 8], [4, -4, 4, -9], [-2, 7, 6], [-5, -8], [-4]]
37.62628571428571
Tabla número 36
[[4, 0, 7, 8, -1], [1, -7, -4, 0], [-2, -6, -4], [10, 0], [5]]
33.61485714285714
Tabla número 37
[[2, 8, 0, 0, 5], [4, 0, 7, -6], [-2, 0, 0], [0, -10], [-5]]
37.02428571428572
Tabla número 38
[[1, -9, 3, -9, 0], [10, 0, 1, -6], [-1, 1, 0], [-1, -3], [-7]]
35.982571428571426
Tabla número 39
[[-9, 0, 4, 5, 0], [-2, -1, 0, 7], [4, 6, -5], [-6, 4], [0]]
36.04014285714286
