Tabla número 0
[[-3, -3, 5, 9, 10], [4, 5, -3, 3], [10, 1, 4], [9, -1], [-6]]
23.884199999999996
Tabla número 1
[[-9, 7, 8, 6, 7], [-9, 1, 4, 10], [-2, 8, 5], [4, -5], [7]]
24.898799999999998
Tabla número 2
[[-8, -9, 10, -7, -5], [-4, -4, 4, 0], [-6, 10, -9], [-3, -4], [-10]]
24.444399999999995
Tabla número 3
[[6, 3, 6, 7, -3], [3, -6, 10, -1], [-6, -8, -4], [-1, -5], [-8]]
23.804999999999996
Tabla número 4
[[7, -5, -1, -5, 0], [-5, 7, 4, 5], [-8, 5, -8], [-9, -10], [-7]]
23.650266666666663
Tabla número 5
[[4, 2, -7, -3, -9], [-10, -8, -10, 0], [4, -5, 0], [8, 0], [-5]]
23.599
Tabla número 6
[[-1, -6, -7, 10, -9], [3, 9, 9, -6], [10, 1, 9], [9, -5], [-2]]
23.599
Tabla número 7
[[1, 2, -3, 0, -7], [-8, -10, -9, -4], [3, 5, 3], [-2, -1], [2]]
23.599
Tabla número 8
[[5, 9, 5, 0, -2], [4, -6, 8, 8], [-2, -1, -5], [7, -8], [-6]]
23.534
Tabla número 9
[[4, 5, 0, 1, 0], [-10, -6, -9, -1], [1, 0, 0], [9, -1], [10]]
23.534
Tabla número 10
[[1, 4, -2, 0, 10], [-5, -9, 9, 1], [10, -7, 0], [4, 6], [0]]
23.534
Tabla número 11
[[-1, 6, 4, 10, 8], [2, 0, 6, -2], [-9, -4, 5], [8, -4], [-4]]
23.804999999999996
Tabla número 12
[[-7, -6, -2, -7, 2], [5, -9, 0, 2], [-1, 3, 3], [-1, 0], [8]]
23.599
Tabla número 13
[[4, 5, 0, 10, 0], [-9, -3, -10, -4], [-10, -3, -1], [-8, 3], [-6]]
23.804999999999996
Tabla número 14
[[0, 0, 5, -10, -3], [6, 5, 9, -3], [7, 3, -3], [-2, 6], [-4]]
23.804999999999996
Tabla número 15
[[4, 8, -8, -5, -7], [-9, -10, 0, 6], [6, 2, -1], [3, 3], [8]]
23.804999999999996
Tabla número 16
[[4, 7, -9, -7, 1], [-3, -1, 6, -6], [-2, -3, -7], [-8, -8], [6]]
23.804999999999996
Tabla número 17
[[4, 10, 5, 0, -5], [10, 4, -4, -8], [0, -1, -3], [-8, 10], [-3]]
23.804999999999996
Tabla número 18
[[-5, 4, -8, 10, 10], [1, -10, -6, 0], [-2, 9, 10], [0, -6], [-8]]
23.804999999999996
Tabla número 19
[[-2, -3, -7, -1, 7], [1, -4, 2, 2], [6, 4, -7], [0, -8], [-3]]
23.804999999999996
Tabla número 20
[[-10, 1, -9, 0, 1], [8, -2, -3, -7], [-3, -4, -7], [0, -6], [-10]]
24.889466666666667
Tabla número 21
[[0, 2, -8, 1, -3], [1, -5, 6, 7], [4, -8, -8], [7, 7], [8]]
26.05313333333334
Tabla número 22
[[2, 3, 5, 8, -4], [3, -9, 0, -8], [-1, -1, 3], [9, -1], [-10]]
25.13100000000001
Tabla número 23
[[6, 4, -7, -3, 5], [10, 0, -6, 6], [-8, 7, -3], [-9, 7], [-10]]
24.465333333333334
Tabla número 24
[[9, -7, 9, 3, -10], [-9, -9, 5, 5], [-10, -8, 1], [-5, 8], [-9]]
24.382266666666673
Tabla número 25
[[-8, 2, -8, 0, 8], [-1, 9, 9, -5], [5, 4, -7], [8, -9], [-3]]
25.13100000000001
Tabla número 26
[[4, 10, 6, 7, -2], [5, -8, -1, -6], [6, -7, -9], [0, -1], [1]]
25.271933333333333
Tabla número 27
[[-8, -9, -7, -8, 5], [0, 3, 5, 2], [5, 7, -4], [-5, 0], [0]]
25.02713333333333
Tabla número 28
[[-4, 1, 2, -2, -9], [6, -3, 7, 7], [-6, -7, 5], [-9, -8], [-10]]
24.10213333333333
Tabla número 29
[[-2, -10, -5, 0, 10], [1, 3, 5, -10], [-8, -3, 5], [0, 0], [-1]]
24.84606666666667
Tabla número 30
[[4, -10, -6, 0, 0], [10, 0, -3, 9], [4, 10, 7], [-8, -1], [-4]]
24.144333333333336
Tabla número 31
[[6, -4, 0, -3, 6], [-5, -8, 0, 0], [-6, 7, 9], [-1, 0], [5]]
26.19473333333333
Tabla número 32
[[9, -6, 3, -7, -10], [5, -6, 10, 5], [5, -7, 6], [3, 9], [-7]]
24.609266666666674
Tabla número 33
[[2, -5, 7, 4, -6], [2, 6, 4, -5], [-1, 0, 7], [-8, 0], [0]]
25.078000000000007
Tabla número 34
[[-2, 6, -6, 3, -1], [3, -4, 8, 8], [-1, -3, 9], [5, 9], [-10]]
23.804999999999996
Tabla número 35
[[-4, 4, -1, -5, 4], [-7, -4, 6, 7], [10, 2, 3], [-5, -3], [1]]
23.804999999999996
Tabla número 36
[[-7, 4, -3, 2, -9], [-7, 6, -10, -3], [9, 4, 10], [10, -6], [-2]]
25.2246
Tabla número 37
[[6, -1, 3, -6, -1], [3, -8, -7, -4], [-2, 7, -6], [6, 4], [-7]]
23.804999999999996
Tabla número 38
[[8, 9, -4, 7, -9], [9, -3, 5, -2], [9, -1, -7], [-9, -8], [-1]]
24.25846666666667
Tabla número 39
[[-5, 8, 1, 10, 5], [5, 0, -6, 10], [-2, -8, -7], [10, 9], [0]]
24.197999999999993
