Tabla número 0
[[-2, -10, -5, -5, -2], [5, -8, 0, -6], [6, 2, 5], [0, -1], [-1]]
23.534
Tabla número 1
[[-8, 7, 10, 6, 7], [-9, 1, 4, 10], [-2, 8, -9], [4, -5], [-10]]
23.534
Tabla número 2
[[1, 0, 0, -6, -1], [3, -8, 9, -4], [-10, -4, -7], [-8, -1], [2]]
23.534
Tabla número 3
[[2, 2, 0, 8, 0], [-10, -4, -9, -8], [10, -5, 3], [9, -1], [10]]
23.534
Tabla número 4
[[4, 10, 6, -7, 10], [3, -6, 10, 5], [-1, -3, 6], [5, 9], [1]]
23.534
Tabla número 5
[[8, -3, -7, -3, -9], [3, 0, -6, -1], [-6, -8, -4], [-9, 9], [-8]]
23.534
Tabla número 6
[[9, -7, 9, 3, -10], [-9, -9, 5, 5], [-10, -8, 1], [-5, 8], [-9]]
23.534
Tabla número 7
[[0, 2, -8, 1, -3], [1, -5, 6, 7], [4, -8, -8], [7, 7], [8]]
23.534
Tabla número 8
[[4, 3, 5, 1, -4], [3, -9, 0, -1], [1, 0, 0], [9, -1], [-10]]
23.534
Tabla número 9
[[5, 2, -6, 0, 8], [10, -6, 6, 8], [4, -4, -1], [8, -4], [-4]]
23.534
Tabla número 10
[[6, -1, 3, 0, 1], [8, -2, -7, -3], [-2, 7, -6], [6, 4], [-7]]
23.534
Tabla número 11
[[-7, 4, 0, -7, 10], [-5, -8, 9, 0], [9, 5, 9], [9, 0], [-6]]
23.534
Tabla número 12
[[4, 4, -1, -5, 5], [-7, 3, -3, 7], [4, 3, -4], [-5, -6], [-5]]
23.534
Tabla número 13
[[4, -5, -1, 0, -5], [10, 7, 8, -8], [-8, -1, 5], [-8, 10], [-6]]
23.534
Tabla número 14
[[-8, 10, 2, -8, 4], [4, 4, -4, 5], [4, 2, -3], [7, -8], [-3]]
23.534
Tabla número 15
[[-5, 4, -8, 10, 10], [1, -10, -6, 0], [-2, 9, 10], [0, -6], [-8]]
23.534
Tabla número 16
[[6, 3, 5, 7, 10], [5, -6, 10, 10], [10, 4, -7], [0, 0], [-3]]
23.534
Tabla número 17
[[-3, 7, -2, -7, -9], [4, 5, -3, 3], [-2, 1, -7], [9, -5], [8]]
23.534
Tabla número 18
[[2, -5, 7, 4, -6], [2, 6, 4, -5], [-1, 0, 7], [-8, 0], [0]]
23.534
Tabla número 19
[[4, 6, 5, 10, 0], [2, -3, -10, -4], [-9, 10, -5], [-8, 3], [-6]]
23.534
Tabla número 20
[[-1, 1, 5, -5, -2], [6, -8, -10, 7], [0, -1, 0], [-5, -3], [-10]]
24.338
Tabla número 21
[[-10, 5, 5, 0, -7], [-9, -10, -9, -4], [7, 5, -5], [0, 6], [-4]]
25.872733333333333
Tabla número 22
[[0, 1, -7, -10, 5], [6, 5, 6, -10], [6, 4, -3], [-2, -8], [1]]
25.430066666666665
Tabla número 23
[[-2, 6, -3, -3, 8], [1, -6, -6, 6], [5, -7, 3], [8, -8], [-10]]
25.014799999999997
Tabla número 24
[[9, -6, 8, -5, -3], [1, -10, -1, 0], [-6, 3, 4], [-3, 0], [7]]
25.56593333333333
Tabla número 25
[[-9, -9, 1, -7, -5], [-4, -4, 4, 2], [-2, 10, 5], [0, -4], [-7]]
24.039266666666673
Tabla número 26
[[4, 4, -7, 0, -9], [10, 6, -10, 9], [9, -3, -3], [10, -1], [-4]]
24.885333333333325
Tabla número 27
[[-7, -10, -3, 0, 0], [-8, 0, -3, -3], [3, 4, 7], [-2, -9], [-3]]
26.725600000000004
Tabla número 28
[[1, -6, -4, 7, -10], [5, -9, 5, -2], [-8, -1, 0], [4, -5], [0]]
25.67126666666667
Tabla número 29
[[6, -4, 6, 7, 6], [9, -3, 0, -10], [9, -7, -9], [-1, -8], [5]]
25.12326666666667
Tabla número 30
[[-8, 8, -7, -3, 8], [-1, 3, 9, -5], [6, -7, 5], [3, 3], [0]]
23.39993333333333
Tabla número 31
[[4, 2, -8, 0, -7], [-9, -3, 5, 6], [-6, -3, -1], [-9, 7], [8]]
25.398733333333336
Tabla número 32
[[-5, 8, -6, 3, -1], [5, -4, 8, 8], [5, -8, -7], [10, 9], [-10]]
23.534
Tabla número 33
[[6, 4, -9, 2, 1], [-3, 9, 7, -7], [10, 7, 9], [-2, -6], [6]]
23.534
Tabla número 34
[[-2, 9, -2, -1, 5], [-5, -9, 0, 1], [-6, 7, -7], [-1, 6], [-1]]
23.534
Tabla número 35
[[-1, -6, -7, 10, -3], [-7, 0, 6, -6], [-3, -3, 10], [-9, -8], [-2]]
23.599
Tabla número 36
[[4, -9, -9, -2, 2], [3, 9, 5, -6], [-1, 7, -7], [-1, 0], [-2]]
26.420066666666663
Tabla número 37
[[-4, -3, -8, 9, -9], [0, -1, 9, 2], [-8, 1, 3], [8, -1], [-10]]
24.368999999999996
Tabla número 38
[[-4, 5, 4, 10, -9], [-10, 0, 2, -2], [-1, -1, -8], [-9, 0], [-7]]
26.022133333333333
Tabla número 39
[[7, 9, 1, 10, 0], [-5, -4, 4, 0], [-2, 5, 9], [3, -10], [0]]
24.605133333333335
