Tabla número 0
[[0, 2, -7, 10, 5], [-5, -8, 9, -6], [-2, 7, 2], [-9, -9], [-2]]
23.804999999999996
Tabla número 1
[[4, -9, 6, -8, 5], [5, -8, -1, 2], [5, -7, -9], [-5, 0], [1]]
23.804999999999996
Tabla número 2
[[-8, -9, -7, -7, -5], [-10, -4, -3, -1], [-6, -7, -9], [9, -8], [8]]
23.804999999999996
Tabla número 3
[[6, 3, -9, 10, 1], [3, -6, 10, -1], [-2, -8, 5], [-8, -8], [-4]]
23.804999999999996
Tabla número 4
[[6, 2, 1, 0, -6], [3, -4, 8, -4], [-8, 0, 3], [-8, 10], [2]]
24.07813333333333
Tabla número 5
[[-7, -5, -7, -3, 0], [-5, 7, -6, 6], [4, -1, 0], [8, -8], [-3]]
23.804999999999996
Tabla número 6
[[1, 2, -3, 3, 5], [-10, -10, -9, 8], [3, 3, 3], [-2, -1], [-9]]
23.804999999999996
Tabla número 7
[[7, 4, -1, 0, -1], [10, 0, 0, 5], [-8, -6, 5], [-1, -6], [0]]
23.804999999999996
Tabla número 8
[[4, 8, -8, 10, -7], [1, -4, -6, 6], [-2, 9, -1], [3, 3], [-8]]
23.804999999999996
Tabla número 9
[[4, -5, -2, -7, -7], [-8, -6, 10, 8], [-1, 5, -7], [6, 1], [-7]]
23.804999999999996
Tabla número 10
[[-1, -7, 6, 7, 8], [2, 0, 6, -6], [-6, -4, -4], [-1, -5], [-8]]
23.804999999999996
Tabla número 11
[[2, 2, 5, 2, -3], [5, 5, -10, -8], [-1, -7, -3], [4, -5], [0]]
23.804999999999996
Tabla número 12
[[-9, -10, -9, 0, 1], [2, -8, 4, 2], [-8, 1, -4], [9, 0], [-10]]
23.804999999999996
Tabla número 13
[[8, 5, 10, -5, 7], [-5, -6, 4, -4], [1, 10, 7], [-9, -1], [-7]]
23.804999999999996
Tabla número 14
[[1, 1, 0, 0, 0], [1, 0, 0, 0], [10, 0, 0], [0, 0], [10]]
23.804999999999996
Tabla número 15
[[2, -6, -8, 3, -10], [-9, -9, 6, 10], [-10, -3, -7], [4, 9], [6]]
23.804999999999996
Tabla número 16
[[4, 5, -4, 10, -9], [10, 0, -10, -4], [-10, -8, -1], [-3, 9], [-1]]
23.804999999999996
Tabla número 17
[[-1, 0, 5, -10, -9], [6, -9, 9, -3], [7, 3, -3], [-2, 6], [-4]]
23.883066666666668
Tabla número 18
[[-7, 4, -3, 2, -9], [-7, 6, -10, 9], [9, 4, 10], [10, -6], [-2]]
23.804999999999996
Tabla número 19
[[-10, -10, -2, -2, -9], [8, -9, 0, -7], [-3, -4, 5], [0, -1], [-10]]
23.804999999999996
Tabla número 20
[[-8, 1, -6, 7, 6], [0, -2, -3, -6], [-6, 7, -7], [0, -6], [-4]]
23.804999999999996
Tabla número 21
[[0, -6, -8, 1, -3], [1, -5, 6, 7], [10, -8, -8], [7, 7], [8]]
25.774600000000003
Tabla número 22
[[-5, 3, -5, -3, 10], [-9, 9, 9, -10], [6, 7, -8], [0, 0], [-4]]
26.362399999999994
Tabla número 23
[[-2, 10, -6, 0, -5], [10, 4, -4, -8], [-1, -3, 9], [5, 9], [-10]]
25.25613333333333
Tabla número 24
[[-4, 4, -1, -5, 4], [-7, -4, 6, 7], [10, 2, 3], [-5, -3], [1]]
23.924266666666668
Tabla número 25
[[9, 7, 9, 4, -10], [-1, 1, 4, 5], [5, 8, 6], [-5, 8], [7]]
24.1758
Tabla número 26
[[6, 4, -8, 0, 2], [3, -10, 2, 7], [6, -3, 9], [-8, 7], [-3]]
24.3232
Tabla número 27
[[-2, -5, 3, 6, 8], [6, -3, 7, 5], [5, 4, 3], [-9, -1], [-10]]
25.44953333333333
Tabla número 28
[[-8, 7, 8, 9, 10], [-9, 5, 9, -5], [-2, 4, 4], [8, -5], [-3]]
23.599
Tabla número 29
[[4, 8, 5, -7, -4], [3, -4, 0, 0], [-1, -1, -3], [-9, 0], [0]]
24.476599999999998
Tabla número 30
[[4, 6, 4, -7, -3], [-3, -1, 5, -2], [-9, -8, 1], [8, -4], [-9]]
25.47446666666667
Tabla número 31
[[9, -1, 7, -6, -1], [5, -3, -7, -2], [-2, -1, -5], [7, 4], [-6]]
26.186933333333336
Tabla número 32
[[6, 6, 3, 1, 0], [5, 6, 4, 0], [6, 5, 0], [-1, -10], [5]]
23.850266666666663
Tabla número 33
[[-4, -3, 2, -1, 10], [1, 3, 8, 2], [-6, -1, -7], [0, 7], [-1]]
24.40033333333333
Tabla número 34
[[-5, 9, -7, -3, -2], [9, -3, 5, 10], [9, 7, -7], [-8, 3], [-6]]
24.831933333333335
Tabla número 35
[[5, 9, 5, 0, -2], [4, -6, 5, -5], [-2, -7, 7], [3, -8], [-7]]
26.131933333333333
Tabla número 36
[[-3, -3, 5, 0, 7], [4, 9, -3, 3], [-8, 1, 5], [9, -1], [-6]]
25.88953333333334
Tabla número 37
[[4, -4, 0, -5, 10], [-4, -9, -9, 0], [4, 10, 10], [3, -4], [-10]]
25.031666666666663
Tabla número 38
[[4, 9, 0, 10, 0], [-9, 3, 5, 9], [6, -3, 9], [-8, -1], [0]]
24.355599999999992
Tabla número 39
[[-2, -6, -7, 7, -9], [3, -8, -6, 1], [0, 7, 0], [9, -8], [8]]
26.17913333333333
