Tabla número 0
[[0, 2, -8, 1, -3], [1, -5, 6, 7], [4, -8, -8], [7, 7], [8]]
23.534
Tabla número 1
[[4, 4, -1, -5, 5], [-7, 3, -3, 7], [4, 3, -4], [-5, -6], [-5]]
23.534
Tabla número 2
[[4, 4, -7, 0, -9], [10, 6, -10, 9], [9, -3, -3], [10, -1], [-4]]
23.534
Tabla número 3
[[6, -4, 6, 7, 6], [9, -3, 0, -10], [9, -7, -9], [-1, -8], [5]]
23.534
Tabla número 4
[[8, -3, -7, -3, -9], [3, 0, -6, -1], [-6, -8, -4], [-9, 9], [-8]]
23.534
Tabla número 5
[[4, -5, -1, 0, -5], [10, 7, 8, -8], [-8, -1, 5], [-8, 10], [-6]]
23.534
Tabla número 6
[[4, 10, 6, -7, 10], [3, -6, 10, 5], [-1, -3, 6], [5, 9], [1]]
23.534
Tabla número 7
[[-3, 7, -2, -7, -9], [4, 5, -3, 3], [-2, 1, -7], [9, -5], [8]]
23.534
Tabla número 8
[[1, 0, -7, -6, -3], [3, 0, 9, -6], [-10, -4, -7], [-9, -8], [-2]]
23.534
Tabla número 9
[[-8, 10, 2, -8, 4], [1, -6, -4, 5], [5, -7, -3], [7, -8], [-3]]
23.534
Tabla número 10
[[-2, 6, -3, -3, 8], [4, 4, -6, 6], [4, 2, 3], [8, -8], [-10]]
23.534
Tabla número 11
[[-4, 6, 5, 9, -9], [0, -1, -10, 2], [-9, 10, 3], [8, -1], [-10]]
23.534
Tabla número 12
[[4, -3, -8, 10, 0], [2, -3, 9, -4], [-8, 1, -5], [-8, 3], [-6]]
23.534
Tabla número 13
[[6, 3, 5, 7, 10], [5, -6, 10, 10], [10, 4, -7], [0, 0], [-3]]
23.534
Tabla número 14
[[-8, 8, -7, -3, 8], [-1, 3, 9, -5], [6, -7, 5], [3, 3], [0]]
23.534
Tabla número 15
[[0, 1, -7, -10, 5], [6, 5, 6, -10], [6, 4, -3], [-2, -8], [1]]
23.534
Tabla número 16
[[4, 3, 5, 1, -4], [3, -9, 0, -1], [1, 0, 0], [9, -1], [-10]]
23.534
Tabla número 17
[[-1, -6, 0, 10, -1], [-7, -8, 6, -4], [-3, -3, 10], [-8, -1], [2]]
23.534
Tabla número 18
[[4, 2, -8, -7, 10], [-9, -8, 5, 6], [-6, -3, 9], [-9, 0], [8]]
23.534
Tabla número 19
[[9, -7, 9, 3, -10], [-9, -9, 5, 5], [-10, -8, 1], [-5, 8], [-9]]
23.534
Tabla número 20
[[-5, 4, 1, 10, 0], [1, -4, 4, 0], [-2, 5, 10], [0, -10], [0]]
25.668533333333336
Tabla número 21
[[7, 9, -8, 10, 10], [-5, -10, -6, 0], [-2, 9, 9], [3, -6], [-8]]
24.948800000000002
Tabla número 22
[[6, 2, 0, 8, 0], [-10, -4, -9, -8], [-2, -8, 3], [6, 4], [10]]
26.581133333333334
Tabla número 23
[[2, 8, 3, 3, -1], [8, -4, -7, 8], [10, -5, -6], [9, -1], [-2]]
24.78933333333333
Tabla número 24
[[-10, -6, -2, -5, -7], [1, 8, -9, -4], [7, 3, 4], [0, 0], [7]]
25.408066666666667
Tabla número 25
[[9, 5, 8, 0, -3], [-9, -10, -1, 0], [-6, 5, -5], [-3, 6], [-4]]
24.372666666666667
Tabla número 26
[[-7, -10, -3, 0, -7], [-5, -3, 9, -3], [8, 4, 5], [9, 7], [-6]]
25.039133333333332
Tabla número 27
[[-9, 4, 0, 0, -5], [-8, 0, -3, 0], [9, 5, -1], [-2, -4], [-3]]
25.600266666666673
Tabla número 28
[[-2, -10, -2, -1, 5], [5, -8, 0, 1], [6, 7, 5], [-1, -1], [-1]]
24.961133333333333
Tabla número 29
[[-2, 9, -5, -5, -2], [-5, -9, 0, -6], [-6, 2, -7], [0, 6], [-1]]
26.325199999999995
Tabla número 30
[[-7, -5, 7, 4, -6], [-4, 6, 4, 2], [-2, 10, 7], [-8, 0], [-7]]
24.954266666666665
Tabla número 31
[[2, -9, 1, -7, 0], [2, -4, -3, -5], [-1, 0, 7], [0, -9], [0]]
25.141733333333327
Tabla número 32
[[4, -9, -9, -2, 2], [3, 9, 5, -6], [-1, 7, -7], [-1, 0], [-2]]
23.534
Tabla número 33
[[-5, -1, -6, 0, 1], [5, -2, 8, -3], [5, 7, -7], [10, 9], [-7]]
23.534
Tabla número 34
[[1, -6, -9, 7, 1], [-3, 9, 2, -2], [-1, 7, 0], [4, -5], [0]]
25.660999999999998
Tabla número 35
[[-4, 4, -4, 2, -10], [5, -9, 5, -7], [-8, -1, -8], [-9, -6], [-7]]
25.59106666666667
Tabla número 36
[[-8, 5, 10, -5, 7], [6, 0, -10, -2], [10, -1, -9], [-5, 0], [6]]
24.5718
Tabla número 37
[[6, 1, 4, 10, -9], [-10, -8, 7, 7], [-2, 8, 9], [-2, -5], [-10]]
24.277733333333337
Tabla número 38
[[5, 7, -6, 6, 8], [-9, 1, 6, 8], [0, -1, -1], [8, -4], [-4]]
24.672
Tabla número 39
[[-1, 2, 5, 0, -2], [10, -6, 4, 10], [4, -4, 0], [4, -3], [-10]]
25.272000000000002
