Tabla número 0
[[6, 1, 9, 3, 7], [4, -10, 7, -8], [-6, -1, 5], [-8, -8], [-7]]
23.534
Tabla número 1
[[4, -7, -8, -7, 10], [3, -6, 0, 5], [-1, 7, 0], [-5, 9], [0]]
23.534
Tabla número 2
[[9, -3, -8, 10, -5], [10, -10, -9, 0], [6, -7, -5], [4, 6], [-5]]
23.534
Tabla número 3
[[8, -1, -7, -3, 8], [3, 0, -3, 9], [-8, 9, -7], [-1, 4], [-8]]
23.534
Tabla número 4
[[4, 3, 1, 0, 0], [-4, 3, 5, -4], [-2, 4, 0], [-1, -8], [-8]]
23.534
Tabla número 5
[[-2, 6, -1, 0, 8], [1, 4, 8, 7], [4, 2, -8], [8, 7], [-6]]
23.534
Tabla número 6
[[4, 6, 0, 3, 10], [9, -1, 0, -6], [10, 0, 7], [-2, 0], [-2]]
23.534
Tabla número 7
[[0, 4, 5, 0, 1], [-5, -5, 6, 0], [2, 10, 5], [-2, 9], [-10]]
23.534
Tabla número 8
[[-8, 4, -3, -5, 0], [1, 5, -9, 5], [6, 1, -7], [0, 6], [-9]]
23.534
Tabla número 9
[[-10, -9, -2, 1, 10], [-7, 8, 4, -5], [8, 3, 10], [9, 0], [7]]
23.534
Tabla número 10
[[-4, 5, 2, -7, -7], [4, 0, 8, -6], [-2, -5, 4], [-8, -1], [-8]]
23.534
Tabla número 11
[[2, -4, -9, -5, -2], [1, -4, 6, 0], [9, -4, -7], [-5, 0], [-10]]
23.534
Tabla número 12
[[-5, -3, -5, 10, -9], [-10, -4, -10, 0], [-1, 7, -9], [-4, -1], [0]]
23.534
Tabla número 13
[[5, -5, -7, -6, 0], [1, -2, 9, -3], [-10, -3, 3], [3, -5], [-9]]
23.534
Tabla número 14
[[4, 2, -4, 4, -3], [-9, 7, 9, -2], [-10, 7, 9], [4, 3], [-1]]
23.534
Tabla número 15
[[-9, 1, 10, 1, -1], [9, -4, 5, -3], [-9, -1, 0], [7, 7], [10]]
23.534
Tabla número 16
[[6, 3, -2, 7, 10], [5, -6, 0, 1], [10, 4, 9], [-1, 0], [-3]]
23.534
Tabla número 17
[[9, -10, 5, -2, -10], [-9, -9, 10, 10], [-2, -8, -7], [0, 0], [6]]
23.534
Tabla número 18
[[-2, 4, 1, -10, -9], [3, -3, -6, 0], [9, -4, -9], [10, -6], [0]]
23.534
Tabla número 19
[[-4, 5, 0, 7, -4], [3, 1, 5, -8], [-8, -7, -5], [-9, -8], [-6]]
23.534
Tabla número 20
[[-1, -9, 7, -3, -6], [3, 0, 0, -10], [6, -8, -3], [-9, 10], [-6]]
24.436933333333332
Tabla número 21
[[-2, 10, 4, -3, 5], [1, -8, -4, -4], [5, 5, 10], [-9, 3], [-3]]
25.06646666666667
Tabla número 22
[[-7, -6, 3, 0, 6], [-5, -9, -3, 2], [-2, 8, -8], [-3, -6], [-10]]
24.9514
Tabla número 23
[[6, 4, -1, -5, -2], [5, -9, 4, 7], [-2, -8, -4], [-5, -5], [5]]
24.798333333333332
Tabla número 24
[[-7, -8, 0, 8, 2], [-5, 6, 9, -1], [4, 2, 3], [7, -4], [-7]]
24.667333333333325
Tabla número 25
[[-8, 4, -6, 7, 5], [2, 9, -3, 10], [-3, 10, 5], [0, -1], [1]]
24.768333333333334
Tabla número 26
[[4, 2, 6, 10, -5], [2, 5, -6, 2], [1, -1, 5], [-8, 0], [-7]]
24.976466666666663
Tabla número 27
[[4, 2, 5, 2, -9], [6, 6, -3, -4], [4, -7, 3], [8, -5], [-10]]
23.534
Tabla número 28
[[-3, 7, -6, -1, -10], [-1, -8, -7, 3], [0, 1, -7], [0, -9], [8]]
23.534
Tabla número 29
[[4, 10, 6, -7, 1], [5, -8, 10, 5], [-1, -3, 6], [-4, 8], [1]]
23.534
Tabla número 30
[[0, 7, -7, 6, 5], [-9, 1, 6, 8], [6, -1, -1], [-2, -8], [-4]]
23.534
Tabla número 31
[[6, 8, 8, -7, -9], [-3, -3, 6, -7], [-6, 0, -4], [7, -4], [2]]
23.534
Tabla número 32
[[7, 0, -2, 0, -3], [10, 3, 2, -5], [1, 3, -3], [-9, -3], [8]]
25.030133333333335
Tabla número 33
[[-1, -10, -7, 10, -3], [8, 9, -10, 8], [-2, 7, -7], [9, -1], [-2]]
25.587333333333333
Tabla número 34
[[4, -6, -8, 10, -7], [-9, -6, -1, 7], [7, -8, -3], [6, -1], [0]]
24.033
Tabla número 35
[[-8, -5, 5, 0, 0], [-10, -4, -10, -10], [9, 1, 7], [3, -1], [-2]]
25.592599999999997
Tabla número 36
[[2, -6, -7, 9, -1], [-7, -3, 5, 6], [-6, 4, -1], [9, -10], [-4]]
24.840666666666667
Tabla número 37
[[-5, 8, -9, -8, 4], [-8, -3, -6, -1], [10, -7, 1], [7, 9], [5]]
25.108400000000007
Tabla número 38
[[1, 2, -8, -5, 8], [5, 0, 4, -6], [-6, 5, -6], [10, -8], [-10]]
24.273333333333333
Tabla número 39
[[1, -1, -3, 0, -9], [10, -8, 9, -6], [-1, -3, 8], [9, -6], [1]]
24.798733333333338
