Tabla número 0
[[2, -5, 7, 4, -6], [2, 6, 4, -5], [-1, 0, 7], [-8, 0], [0]]
23.534
Tabla número 1
[[4, -10, -3, 0, 0], [-8, 0, -3, 9], [3, -3, 7], [-2, -1], [-4]]
23.599
Tabla número 2
[[4, -5, -1, 0, -5], [10, 7, 8, -8], [-8, -1, 5], [-8, 10], [-6]]
23.534
Tabla número 3
[[-2, 9, -2, -1, 5], [-5, -9, 0, 1], [-6, 7, -7], [-1, 6], [-1]]
23.534
Tabla número 4
[[-8, 7, 10, 6, 7], [-9, 1, 4, 10], [-2, 8, -9], [4, -5], [-10]]
23.534
Tabla número 5
[[-10, 5, 5, 0, -7], [-9, -10, -9, -4], [7, 5, 3], [0, 6], [-4]]
23.599
Tabla número 6
[[-5, 4, -8, 10, 10], [1, -10, -6, 0], [-2, 9, 10], [0, -6], [-8]]
23.534
Tabla número 7
[[1, 0, 0, -6, -1], [3, -8, 9, -4], [-10, -4, -7], [-8, -1], [2]]
23.534
Tabla número 8
[[4, 8, -8, 0, -7], [-9, 3, 5, 6], [6, -3, -1], [3, 3], [8]]
23.534
Tabla número 9
[[6, -1, 3, 0, 1], [8, -2, -7, -3], [-2, 7, -6], [6, 4], [-7]]
23.534
Tabla número 10
[[-7, 4, -7, 0, -9], [10, 6, -10, -3], [9, 4, -3], [10, -9], [-3]]
23.599
Tabla número 11
[[9, -7, 9, 3, -10], [-9, -9, 5, 5], [-10, -8, 1], [-5, 8], [-9]]
23.534
Tabla número 12
[[4, 3, 5, 1, -4], [3, -9, 0, -1], [1, 0, 0], [9, -1], [-10]]
23.534
Tabla número 13
[[-5, 8, -6, 3, -1], [5, -4, 8, 8], [5, -8, -7], [10, 9], [-10]]
23.534
Tabla número 14
[[0, 2, -8, 1, -3], [1, -5, 6, 7], [4, -8, -8], [7, 7], [8]]
23.534
Tabla número 15
[[-2, -10, -5, -5, -2], [5, -8, 0, -6], [6, 2, 5], [0, -1], [-1]]
23.534
Tabla número 16
[[-9, -9, 8, -7, -5], [-4, -4, 4, 0], [-6, 10, 5], [-3, -4], [7]]
23.534
Tabla número 17
[[4, 2, -6, 10, 0], [10, -3, -10, -4], [4, 10, -1], [-8, 3], [-6]]
23.650266666666663
Tabla número 18
[[8, -3, -7, -3, -9], [3, 0, -6, -1], [-6, -8, -4], [-9, 9], [-8]]
23.534
Tabla número 19
[[7, 9, 4, 10, 0], [-5, 0, 4, -2], [-2, 5, -8], [-9, -10], [-7]]
23.650266666666663
Tabla número 20
[[4, 4, -1, -5, 5], [-7, 3, -3, 7], [4, 3, -4], [-5, -6], [-5]]
24.98706666666667
Tabla número 21
[[-8, 1, 2, -8, 4], [6, -8, -10, 7], [4, 2, 0], [-5, -3], [-10]]
24.5718
Tabla número 22
[[0, 1, -3, -10, 5], [6, 5, -6, 6], [5, 4, -3], [-2, -8], [-10]]
24.368933333333338
Tabla número 23
[[6, 4, -9, 2, -3], [-7, 0, 7, -7], [-3, 7, 10], [-9, -6], [-2]]
25.215066666666665
Tabla número 24
[[6, 3, 5, 7, 10], [5, -6, 10, 10], [10, 4, -7], [0, 0], [-3]]
23.599
Tabla número 25
[[5, 6, 5, 0, 8], [2, -6, 6, 8], [-9, -4, -5], [8, -4], [-4]]
24.99226666666667
Tabla número 26
[[-1, -6, -7, 10, 1], [-3, 9, 6, -6], [10, -3, 9], [-2, -8], [6]]
26.1954
Tabla número 27
[[4, 7, -9, -7, -9], [3, -1, 9, -6], [-2, 1, -7], [9, -5], [-2]]
24.445400000000003
Tabla número 28
[[-2, 6, 1, 10, 8], [1, -4, 2, -10], [6, -7, 9], [3, -8], [0]]
25.80733333333334
Tabla número 29
[[-1, 10, 5, -5, -2], [4, 4, -4, 5], [0, -1, -3], [7, -8], [-3]]
23.534
Tabla número 30
[[9, -6, 1, 7, -10], [1, -10, -1, -10], [-8, -7, -9], [0, 0], [-7]]
25.427200000000006
Tabla número 31
[[4, 10, 6, -7, 10], [3, -6, 10, 5], [-1, -3, 6], [5, 9], [1]]
25.02186666666666
Tabla número 32
[[1, -6, 6, -5, -3], [5, -9, 0, 2], [-2, 3, 4], [4, -5], [5]]
25.446866666666665
Tabla número 33
[[-7, 4, 0, -7, 10], [-5, -8, 9, 0], [9, 5, 9], [9, 0], [-6]]
24.778399999999998
Tabla número 34
[[-4, 5, -7, -3, -9], [-10, -6, 6, 0], [-1, -1, 3], [8, 0], [1]]
25.455266666666667
Tabla número 35
[[2, 2, 0, 8, 0], [-10, -4, -9, -8], [10, -5, 3], [9, -1], [10]]
25.55873333333334
Tabla número 36
[[-4, -9, -8, -2, -9], [0, 9, 5, 2], [-8, 7, -7], [8, 0], [-10]]
24.528066666666668
Tabla número 37
[[-8, 2, -7, -3, 8], [-1, -3, 9, -5], [-6, -7, 5], [-9, 7], [0]]
24.916666666666668
Tabla número 38
[[-3, -3, -2, 9, 2], [4, 5, -3, 3], [-1, 1, 3], [-1, -1], [8]]
23.804999999999996
Tabla número 39
[[6, -4, -4, 7, 6], [9, -3, 5, -2], [9, -1, 0], [-1, -8], [0]]
23.804999999999996
