Tabla número 0
[[6, 3, 6, 7, -3], [3, -6, 10, -1], [-6, -8, -4], [-1, -5], [-8]]
23.804999999999996
Tabla número 1
[[-4, 4, -1, -5, 4], [-7, -4, 6, 7], [10, 2, 3], [-5, -3], [1]]
23.804999999999996
Tabla número 2
[[4, 7, -9, -7, 1], [-3, -1, 6, -6], [-2, -3, -7], [-8, -8], [6]]
23.804999999999996
Tabla número 3
[[-8, 10, -7, 7, -2], [0, 3, 5, -6], [6, 7, -4], [0, -1], [0]]
23.804999999999996
Tabla número 4
[[2, -6, 3, 4, -10], [2, 6, 4, 5], [5, -7, 6], [-8, 9], [0]]
23.804999999999996
Tabla número 5
[[-1, 6, 4, 10, 8], [2, 0, 6, -2], [-9, -4, 5], [8, -4], [-4]]
23.599
Tabla número 6
[[4, -9, 6, -8, 5], [5, -8, -1, 2], [5, -7, -9], [-5, 0], [1]]
23.804999999999996
Tabla número 7
[[4, 5, 0, 10, 0], [-9, -3, -10, -4], [-10, -3, -1], [-8, 3], [-6]]
23.534
Tabla número 8
[[4, -10, -6, -3, 6], [10, -8, 0, 9], [-6, 7, 9], [-8, -1], [-4]]
23.599
Tabla número 9
[[-2, -10, -5, -2, -9], [6, -3, 7, -10], [-8, -3, 5], [-9, 0], [-10]]
23.534
Tabla número 10
[[9, -5, 7, -7, -6], [5, -6, 10, -5], [-1, 0, 7], [3, 3], [-7]]
23.534
Tabla número 11
[[8, 8, 1, 7, 5], [5, -3, -6, -2], [-2, -1, -7], [-9, -8], [0]]
23.599
Tabla número 12
[[4, 2, -7, -3, -9], [-10, -8, -10, 0], [4, -5, 0], [8, 0], [-5]]
23.599
Tabla número 13
[[4, 8, -8, -5, -7], [-9, -10, 0, 6], [6, 2, -1], [3, 3], [8]]
23.599
Tabla número 14
[[4, 5, 0, 1, 0], [-10, -6, -9, -1], [1, 0, 0], [9, -1], [10]]
24.889466666666667
Tabla número 15
[[1, 2, -3, 0, -7], [-8, -10, -9, -4], [3, 5, 3], [-2, -1], [2]]
23.534
Tabla número 16
[[6, -1, 3, -6, -1], [3, -8, -7, -4], [-2, 7, -6], [6, 4], [-7]]
23.534
Tabla número 17
[[-5, 4, -8, 10, 10], [1, -10, -6, 0], [-2, 9, 10], [0, -6], [-8]]
23.534
Tabla número 18
[[-10, 1, -9, 0, 1], [8, -2, -3, -7], [-3, -4, -7], [0, -6], [-10]]
24.889466666666667
Tabla número 19
[[0, 0, 5, -10, -3], [6, 5, 9, -3], [7, 3, -3], [-2, 6], [-4]]
24.968733333333333
Tabla número 20
[[-4, 1, 2, 0, 10], [1, 3, 5, 7], [-6, -7, 5], [0, -8], [-1]]
23.240666666666666
Tabla número 21
[[5, 9, 5, 0, -2], [4, -6, 8, 8], [-2, -1, -5], [7, -8], [-6]]
24.2338
Tabla número 22
[[-2, 6, -6, 3, -1], [3, -4, 8, 8], [-1, -3, 9], [5, 9], [-10]]
23.650266666666663
Tabla número 23
[[4, 10, 5, 0, -5], [10, 4, -4, -8], [0, -1, -3], [-8, 10], [-3]]
24.382266666666673
Tabla número 24
[[7, -5, -1, -5, 0], [-5, 7, 4, 5], [-8, 5, -8], [-9, -10], [-7]]
23.804999999999996
Tabla número 25
[[-7, 4, -3, 2, -9], [-7, 6, -10, 9], [9, 4, 10], [10, -6], [-2]]
25.13100000000001
Tabla número 26
[[2, 3, 5, 8, -4], [3, -9, 0, -8], [-1, -1, 3], [9, -1], [-10]]
23.804999999999996
Tabla número 27
[[9, -7, 9, 3, -10], [-9, -9, 5, 5], [-10, -8, 1], [-5, 8], [-9]]
23.599
Tabla número 28
[[1, 4, -2, 0, 10], [-5, -9, 9, 1], [10, -7, 0], [4, 6], [0]]
24.465333333333334
Tabla número 29
[[-2, -3, -7, -1, 7], [1, -4, 2, 2], [6, 4, -7], [0, -8], [-3]]
24.898799999999998
Tabla número 30
[[-9, 7, 8, 6, 7], [-9, 1, 4, 10], [-2, 8, 5], [4, -5], [7]]
24.014799999999997
Tabla número 31
[[-8, 2, -8, 0, 8], [-1, 9, 9, -5], [5, 4, -7], [8, -9], [-3]]
24.780866666666668
Tabla número 32
[[6, 4, -7, -3, 5], [10, 0, -6, 6], [-8, 7, -3], [-9, 7], [-10]]
23.73213333333334
Tabla número 33
[[-7, -6, -2, -7, 2], [5, -9, 0, 2], [-1, 3, 3], [-1, 0], [8]]
24.444399999999995
Tabla número 34
[[-3, -3, 5, 9, 10], [4, 5, -3, 3], [10, 1, 4], [9, -1], [-6]]
23.884199999999996
Tabla número 35
[[-5, 9, -4, 10, -9], [9, 0, 5, 10], [9, -8, -7], [10, 9], [-1]]
24.889466666666667
Tabla número 36
[[6, -4, 0, 0, 0], [-5, 0, -3, 0], [4, 10, 7], [-1, 0], [5]]
26.05313333333334
Tabla número 37
[[-8, -9, 10, -7, -5], [-4, -4, 4, 0], [-6, 10, -9], [-3, -4], [-10]]
23.402866666666668
Tabla número 38
[[0, 2, -8, 1, -3], [1, -5, 6, 7], [4, -8, -8], [7, 7], [8]]
26.1094
Tabla número 39
[[-1, -6, -7, 10, -9], [3, 9, 9, -6], [10, 1, 9], [9, -5], [-2]]
24.956399999999995
