Tabla número 0
[[4, 4, -1, -5, 5], [-7, 3, -3, 7], [4, 3, -4], [-5, -6], [-5]]
23.534
Tabla número 1
[[4, -3, -8, 10, 0], [2, -3, 9, -4], [-8, 1, -5], [-8, 3], [-6]]
23.534
Tabla número 2
[[-7, 9, 7, 10, 10], [-4, 6, 4, 2], [-2, 9, 7], [-8, 0], [-8]]
24.10053333333333
Tabla número 3
[[-2, -7, 9, 3, 5], [5, -8, 0, 5], [-10, 7, 5], [-5, 8], [-1]]
23.534
Tabla número 4
[[-8, 10, 2, -8, 4], [1, -6, -4, 5], [5, -7, -3], [7, -8], [-3]]
23.534
Tabla número 5
[[-10, -6, -2, -5, -7], [1, 8, -9, -4], [7, 3, 4], [0, 0], [7]]
23.534
Tabla número 6
[[9, 5, 8, 0, -3], [-9, -10, -1, 0], [-6, 5, -5], [-3, 6], [-4]]
23.534
Tabla número 7
[[4, 10, 6, -7, 10], [3, -6, 10, 5], [-1, -3, 6], [5, 9], [1]]
23.534
Tabla número 8
[[-1, -6, 0, 10, -1], [-7, -8, 6, -4], [-3, -3, 10], [-8, -1], [2]]
23.534
Tabla número 9
[[5, 1, -6, -10, 8], [6, 5, 6, -10], [0, 4, -3], [8, -4], [1]]
23.534
Tabla número 10
[[0, 7, -7, 6, 5], [-9, 1, 6, 8], [6, -1, -1], [-2, -8], [-4]]
23.534
Tabla número 11
[[-7, -10, -3, 0, -7], [-5, -3, 9, -3], [8, 4, 5], [9, 7], [-6]]
23.534
Tabla número 12
[[6, 3, 5, 7, 10], [5, -6, 10, 10], [10, 4, -7], [0, 0], [-3]]
23.534
Tabla número 13
[[6, -9, 1, 7, 6], [2, -3, -3, -5], [9, -7, 7], [-1, -9], [5]]
23.534
Tabla número 14
[[9, -10, -2, -1, -10], [-9, -9, 5, 1], [6, -8, 1], [-1, -1], [-9]]
23.534
Tabla número 15
[[-8, 5, 10, 1, -4], [6, -9, 0, -2], [1, -1, 0], [9, -1], [6]]
23.534
Tabla número 16
[[0, 2, -3, 1, -3], [4, -5, 6, 6], [4, -8, 3], [7, -8], [-9]]
23.534
Tabla número 17
[[4, 4, -7, 0, -9], [10, 6, -10, 9], [9, -3, -3], [10, -1], [-4]]
23.534
Tabla número 18
[[1, -6, -9, 7, 10], [-9, 9, 2, 6], [-6, -3, 9], [-9, 0], [8]]
23.534
Tabla número 19
[[-3, 7, -2, -7, -9], [4, 5, -3, 3], [-2, 1, -7], [9, -5], [8]]
23.534
Tabla número 20
[[4, -5, -1, 0, -5], [10, 7, 8, -8], [-8, -1, 5], [-8, 10], [-6]]
23.534
Tabla número 21
[[2, -8, 6, -7, 0], [9, -4, 0, -10], [-1, 0, -9], [-4, -8], [0]]
26.183666666666664
Tabla número 22
[[1, 0, -7, -6, -3], [3, 0, 9, -6], [-10, -4, -7], [-9, -8], [-2]]
25.039133333333332
Tabla número 23
[[-1, 2, 5, 0, -2], [10, -6, 4, 10], [4, -4, 0], [4, -3], [-10]]
23.534
Tabla número 24
[[6, 2, -4, 2, -10], [-10, -4, -9, -7], [-8, -1, 3], [-9, 4], [-7]]
26.571
Tabla número 25
[[-4, 4, 0, 8, 0], [5, -9, 5, -8], [-2, -8, -8], [6, -6], [10]]
27.23733333333333
Tabla número 26
[[4, 3, 0, -5, -5], [3, 0, -10, 0], [10, 5, -9], [-2, 0], [-3]]
24.981133333333332
Tabla número 27
[[-9, 4, 5, 0, 7], [-8, 0, -3, -1], [9, 0, -1], [-5, -4], [-10]]
26.20093333333333
Tabla número 28
[[-2, 9, 1, -5, 0], [1, -9, 0, -6], [-2, 2, -7], [0, 6], [-1]]
24.945066666666666
Tabla número 29
[[-5, 4, -5, 10, -2], [-5, -4, 4, 0], [-6, 5, 10], [0, -10], [0]]
24.9364
Tabla número 30
[[7, -5, -8, 4, -6], [-5, -10, -6, 0], [-2, 10, 9], [3, -6], [-7]]
23.534
Tabla número 31
[[6, 1, 4, 10, -9], [-10, -8, 7, 7], [-2, 8, 9], [-2, -5], [-10]]
23.534
Tabla número 32
[[4, 2, -8, -7, 1], [-3, -8, 5, -2], [-1, 7, 0], [4, -5], [0]]
24.372666666666667
Tabla número 33
[[-2, 6, -8, -3, 8], [1, 4, -6, 7], [4, 2, -8], [8, 7], [-10]]
23.534
Tabla número 34
[[4, -9, -9, 3, -1], [3, -4, 5, -6], [10, 7, -7], [-1, 0], [-2]]
25.44026666666667
Tabla número 35
[[2, 8, 3, -2, 2], [8, 9, -7, 8], [-1, -5, -6], [9, -1], [-2]]
23.24953333333333
Tabla número 36
[[8, 8, -7, -3, -9], [3, 0, -6, -1], [-6, -8, -4], [-9, 3], [-8]]
24.2884
Tabla número 37
[[-8, -3, -7, -3, 8], [-1, 3, 9, -5], [6, -7, 5], [3, 9], [0]]
24.332066666666666
Tabla número 38
[[-4, 6, 5, 9, -9], [0, -1, -10, 2], [-9, 10, 3], [8, -1], [-10]]
23.534
Tabla número 39
[[-5, -1, -6, 0, 1], [5, -2, 8, -3], [5, 7, -7], [10, 9], [-7]]
23.534
