Tabla número 0
[[-8, 3, -8, -7, -5], [-9, -5, 9, -10], [10, -3, -8], [7, 7], [8]]
23.804999999999996
Tabla número 1
[[7, 4, -1, 0, -1], [10, 0, 0, 5], [-8, -6, 5], [-1, -6], [0]]
23.914333333333335
Tabla número 2
[[-2, -10, 3, 6, -9], [6, -3, 7, 5], [5, -7, 3], [-9, -1], [-10]]
23.712066666666665
Tabla número 3
[[4, 8, -8, 1, -7], [5, 3, -6, 6], [-2, 5, -7], [-6, 3], [5]]
24.8842
Tabla número 4
[[4, 6, 5, -1, 0], [-8, 6, 10, 2], [-1, -1, 0], [6, 1], [-7]]
24.1626
Tabla número 5
[[4, 9, 8, 0, -4], [3, 5, 4, 2], [6, -1, -3], [-8, -1], [8]]
23.804999999999996
Tabla número 6
[[4, 6, 7, -7, -3], [-3, -3, 5, -2], [-9, -1, -5], [8, -4], [-9]]
23.804999999999996
Tabla número 7
[[-7, 10, -7, 0, 10], [-5, 7, -6, -8], [4, 7, 9], [8, 9], [-10]]
23.883066666666668
Tabla número 8
[[-1, 5, 5, -10, -9], [10, -9, 9, -4], [-10, 3, -3], [-3, 6], [-4]]
23.804999999999996
Tabla número 9
[[8, 5, 10, -5, 7], [-5, -6, 4, -4], [1, 10, 7], [-9, -1], [-7]]
23.982266666666668
Tabla número 10
[[6, 3, -9, 10, 1], [3, -6, 10, -1], [-2, -8, 5], [-8, -8], [-4]]
23.712066666666665
Tabla número 11
[[-8, -10, 5, 10, 1], [6, -4, 9, -3], [7, 7, -4], [-2, -5], [-10]]
23.804999999999996
Tabla número 12
[[2, -6, -8, 3, -10], [-9, -9, 6, 10], [-10, -3, -7], [4, 9], [6]]
23.804999999999996
Tabla número 13
[[4, -3, 0, 0, 7], [4, -9, -9, 0], [4, 1, 5], [9, -1], [-10]]
23.804999999999996
Tabla número 14
[[1, 1, 0, 0, 0], [1, 0, 0, 0], [0, 0, 0], [0, 0], [0]]
24.160333333333334
Tabla número 15
[[4, 4, -7, 7, 4], [-9, 3, 4, 9], [5, 2, 9], [9, -3], [1]]
24.160333333333334
Tabla número 16
[[-3, -4, 5, -5, 10], [-4, 9, -3, 3], [-8, 10, 10], [3, -4], [-6]]
24.80706666666667
Tabla número 17
[[5, 9, -7, 0, -2], [4, -6, 5, 10], [-2, 7, -7], [-8, -8], [-6]]
24.160333333333334
Tabla número 18
[[1, 2, -3, 3, 5], [-10, -10, -9, 8], [3, 3, 3], [-2, -1], [-9]]
24.820999999999994
Tabla número 19
[[-8, -1, -6, -6, 6], [0, -1, -7, -6], [-2, 7, -7], [7, 4], [-6]]
24.820999999999994
Tabla número 20
[[4, -5, -7, 1, -7], [1, 9, 4, 7], [6, -8, -8], [-1, 0], [8]]
25.3692
Tabla número 21
[[4, 7, -4, 10, -9], [-9, 0, -10, -5], [-2, -8, -1], [8, 9], [-1]]
24.950399999999995
Tabla número 22
[[0, -6, 6, -7, -1], [1, -8, 6, 2], [6, 5, -9], [5, -8], [10]]
24.864666666666672
Tabla número 23
[[9, 2, -1, 2, -9], [-7, 5, -10, 5], [9, 4, 6], [-5, -8], [-2]]
25.382133333333332
Tabla número 24
[[-5, -5, -5, -3, 0], [10, -1, -4, 6], [-1, -1, 0], [0, -8], [-3]]
24.867933333333337
Tabla número 25
[[-7, 4, -3, -2, -3], [5, 6, -10, 9], [-1, -4, 10], [0, 2], [-10]]
24.545999999999996
Tabla número 26
[[9, 1, 4, 7, -1], [5, -2, -3, -2], [-6, -8, 1], [3, -6], [-4]]
25.435000000000002
Tabla número 27
[[2, -6, -2, -5, -9], [-7, -4, -6, -7], [10, -3, 5], [10, -5], [10]]
27.216800000000003
Tabla número 28
[[6, 2, 1, 0, -6], [3, -4, 8, -4], [-8, 0, 3], [-9, 10], [2]]
24.037466666666667
Tabla número 29
[[-10, -5, 5, 2, 8], [8, -9, -8, -8], [-3, 4, -3], [4, -1], [0]]
24.878666666666664
Tabla número 30
[[-1, -7, 6, 7, 2], [3, -10, 6, -6], [-6, -3, 9], [-8, -5], [-3]]
25.098866666666666
Tabla número 31
[[6, -3, 3, 10, 10], [2, -4, 8, 0], [6, 9, -4], [3, 7], [-8]]
23.99686666666667
Tabla número 32
[[-9, 0, -9, 9, 10], [2, -8, 5, 1], [-8, 4, 4], [9, 0], [-3]]
23.700733333333336
Tabla número 33
[[0, 9, 5, -3, -2], [9, -3, 5, -5], [-2, 8, 7], [3, 8], [7]]
24.848000000000006
Tabla número 34
[[-5, 2, -7, 4, 5], [-5, -8, 9, 7], [9, -7, 3], [-5, 3], [-7]]
24.610666666666663
Tabla número 35
[[6, -9, -2, -8, 5], [5, -6, -1, 1], [5, -7, -7], [-5, -7], [-1]]
25.899133333333328
Tabla número 36
[[-2, 8, 0, -7, 0], [3, -8, 0, 0], [-1, 1, 0], [-9, 0], [0]]
25.164933333333334
Tabla número 37
[[-4, 4, -8, 0, 8], [1, 0, 2, 7], [-6, -4, -1], [-1, -10], [5]]
23.974066666666666
Tabla número 38
[[-4, 7, 9, 10, -10], [-1, 1, 6, -6], [10, 7, 2], [-9, -9], [-2]]
25.608066666666666
Tabla número 39
[[-2, -9, -6, -3, -5], [-10, -4, -3, -1], [-6, -7, -9], [9, 0], [-4]]
26.08346666666667
