Tabla número 0
[[-2, -8, 7, -7, 0], [2, 3, 0, -6], [-2, 2, -9], [0, -8], [-8]]
23.534
Tabla número 1
[[2, 9, 5, 0, -2], [0, -4, -10, -10], [4, -4, -7], [8, 0], [-10]]
24.675866666666668
Tabla número 2
[[-4, 2, -6, 8, -9], [5, 9, 8, 10], [-1, -5, -6], [10, -6], [-10]]
23.534
Tabla número 3
[[4, -5, -5, -3, -9], [-10, -4, -6, 0], [4, -8, 3], [-5, -5], [-10]]
23.534
Tabla número 4
[[4, -3, -7, 2, -9], [-10, 0, 6, 9], [9, -8, 5], [-9, 9], [-4]]
23.534
Tabla número 5
[[2, 4, 0, 1, 2], [8, -4, 5, 8], [-9, 10, 3], [7, -4], [10]]
23.534
Tabla número 6
[[4, 2, 9, 3, -3], [-9, -10, 9, -2], [-10, 7, 5], [4, 3], [-1]]
23.534
Tabla número 7
[[6, 1, -4, 4, 7], [4, 7, 7, -8], [-6, -1, 9], [-8, -8], [-7]]
23.534
Tabla número 8
[[8, 2, -7, -3, 8], [6, 6, -6, -1], [-8, 4, -1], [3, 4], [-8]]
23.534
Tabla número 9
[[-1, -10, 10, 10, -1], [6, 9, 2, -3], [1, -1, 0], [9, 7], [8]]
23.534
Tabla número 10
[[-2, 5, 8, 0, 5], [-3, -8, 5, -4], [-8, 5, -5], [-3, -5], [-6]]
23.534
Tabla número 11
[[-3, 7, -6, -7, -10], [-1, 5, -9, 3], [0, 1, -7], [8, -4], [8]]
23.534
Tabla número 12
[[1, 4, -8, 0, 8], [10, 0, 4, -6], [6, -4, -3], [10, -8], [0]]
23.534
Tabla número 13
[[0, 4, 5, 0, 1], [-5, -5, 6, 0], [2, 10, 5], [-2, 9], [-10]]
23.534
Tabla número 14
[[4, 10, 6, -7, 1], [5, -8, 10, 5], [-1, -3, 6], [5, 8], [1]]
23.534
Tabla número 15
[[6, 3, 5, 7, 10], [5, -6, 10, 10], [10, 4, -7], [0, 0], [-3]]
23.534
Tabla número 16
[[9, -10, -2, -2, -10], [-9, -9, 0, 1], [-2, -8, 9], [-1, 0], [6]]
23.534
Tabla número 17
[[-7, -6, 5, 0, -7], [-5, 0, 9, -4], [-3, 4, 5], [-8, -1], [-7]]
23.534
Tabla número 18
[[7, 0, -7, 0, -3], [10, 3, -10, -5], [-2, 7, -7], [-9, -1], [-2]]
23.534
Tabla número 19
[[-4, 10, 4, 7, -4], [1, -9, -4, -8], [5, -7, 10], [-9, -8], [-3]]
23.534
Tabla número 20
[[5, -5, -7, -6, 0], [1, -2, 9, -3], [-10, -3, 3], [3, -5], [-9]]
25.579533333333337
Tabla número 21
[[-8, 2, -3, -10, -6], [3, -3, -3, 0], [9, -1, 0], [-8, -6], [-7]]
25.038133333333338
Tabla número 22
[[-9, 1, -2, 9, -3], [-8, -3, -3, -1], [7, 3, -3], [9, -3], [1]]
23.534
Tabla número 23
[[4, -7, -8, -7, 10], [3, -6, 0, 5], [-1, 7, 0], [-5, 9], [0]]
23.534
Tabla número 24
[[6, 4, 3, -5, 6], [-5, -9, 4, 7], [-2, -8, -8], [-5, -6], [-10]]
24.29906666666667
Tabla número 25
[[-5, 8, -8, 10, 0], [-7, -3, -1, 7], [9, 1, 7], [6, -10], [-4]]
24.477933333333336
Tabla número 26
[[-5, 6, 6, 10, 10], [9, -1, 0, 2], [-1, 0, 7], [-4, -1], [0]]
24.51573333333333
Tabla número 27
[[6, 8, 0, -3, -9], [3, -3, 6, -7], [-6, 0, -4], [-9, 3], [2]]
23.534
Tabla número 28
[[4, 3, 1, -5, 0], [1, -9, 5, 2], [-2, 5, -7], [-1, 6], [-3]]
24.041000000000004
Tabla número 29
[[4, -1, -9, -5, -1], [3, -4, -3, 0], [10, 9, -7], [-1, 0], [-1]]
26.452399999999997
Tabla número 30
[[-8, -6, -1, -8, 4], [-9, -6, 5, 5], [6, -7, -4], [0, -9], [-2]]
24.949599999999997
Tabla número 31
[[-7, 4, 2, 7, -7], [-4, 6, -3, -4], [-2, -7, -3], [7, -1], [5]]
25.98993333333333
Tabla número 32
[[-10, -9, -2, 1, 10], [-7, 8, 4, -5], [8, 3, 10], [9, 0], [7]]
25.823666666666668
Tabla número 33
[[1, 5, -3, -5, 5], [4, -8, 9, -6], [4, -3, 4], [0, -1], [-8]]
24.172199999999993
Tabla número 34
[[-1, -1, 1, 10, -9], [2, 5, -6, -10], [-6, 5, 8], [9, 10], [0]]
24.742000000000004
Tabla número 35
[[9, -3, -8, 10, -5], [10, -10, -9, 0], [6, -7, -5], [4, 6], [-5]]
25.43073333333333
Tabla número 36
[[0, 7, -7, 6, 5], [-9, 1, 6, 8], [6, -1, -1], [-2, -8], [-4]]
23.534
Tabla número 37
[[-2, 6, -1, 0, 8], [1, 4, 8, 7], [4, 2, -8], [8, 7], [-6]]
23.534
Tabla número 38
[[-8, -6, -9, -1, -2], [5, -8, -7, 6], [-6, 8, 1], [0, -1], [-9]]
23.534
Tabla número 39
[[4, -9, 0, 3, -5], [3, 0, -10, -6], [10, 7, -9], [-2, 0], [-2]]
23.534
