Tabla número 0
[[0, 10, -6, -5, -5], [-5, 1, -3, -4], [1, -7, -9], [-9, -1], [-2]]
27.651799999999998
Tabla número 1
[[-4, 8, -8, -7, 8], [1, -8, 2, 7], [-6, -4, -1], [-9, -10], [5]]
24.160333333333334
Tabla número 2
[[-5, 7, -4, 4, -9], [-5, 0, 4, -5], [5, -8, 3], [-5, 9], [-7]]
23.712066666666665
Tabla número 3
[[2, -4, 5, 7, -1], [-4, -2, -3, -2], [6, -8, 5], [0, -4], [-6]]
24.467933333333335
Tabla número 4
[[4, 9, 8, 0, -4], [3, 5, 4, 2], [6, -1, -3], [-8, -1], [8]]
25.05706666666667
Tabla número 5
[[-8, 0, -8, 3, 10], [2, -9, 9, -4], [-10, -3, -3], [-6, 6], [-3]]
23.982266666666668
Tabla número 6
[[6, 3, -9, 0, 1], [-10, -4, 10, -1], [-2, 0, 5], [-2, -8], [-9]]
24.31673333333333
Tabla número 7
[[2, -6, -8, 1, -10], [-9, 3, -6, 10], [-2, 5, -7], [4, 3], [6]]
25.745733333333337
Tabla número 8
[[-2, -10, 3, 6, -9], [6, -3, 7, 5], [5, -7, 3], [-9, -1], [-10]]
23.78473333333333
Tabla número 9
[[4, -9, -2, 1, 5], [1, -8, -1, 1], [-2, -7, -7], [8, 3], [-1]]
24.92286666666666
Tabla número 10
[[-10, 2, -3, 3, -7], [3, -10, 6, -4], [-8, -1, -4], [5, 7], [5]]
24.664399999999997
Tabla número 11
[[-7, 2, 1, -7, 4], [-7, -6, -9, -2], [-9, -1, 3], [9, 10], [2]]
26.64106666666667
Tabla número 12
[[6, 8, 5, -10, -2], [10, -8, 8, 0], [-10, 3, -7], [3, 9], [-8]]
24.029533333333333
Tabla número 13
[[-1, 5, 5, 10, -9], [6, -9, 9, -3], [7, 8, 7], [-3, 8], [-4]]
23.715866666666667
Tabla número 14
[[9, 4, 7, 2, -1], [-9, 5, -10, 5], [9, 5, 9], [5, -4], [10]]
24.977266666666665
Tabla número 15
[[-3, -6, -2, -5, 10], [10, 9, -3, 3], [-8, 10, 10], [3, -8], [10]]
25.300200000000004
Tabla número 16
[[6, 2, 6, 10, 5], [3, -8, 5, 8], [3, -8, -5], [-8, -8], [1]]
24.9088
Tabla número 17
[[-10, -5, 5, 2, 8], [8, -9, -8, -8], [-3, 4, -3], [4, -1], [0]]
25.546800000000005
Tabla número 18
[[-8, -1, -1, -8, 6], [0, -1, -7, -6], [6, 7, -7], [-5, 4], [-6]]
24.364199999999997
Tabla número 19
[[6, 2, -6, -6, 5], [5, -6, 9, 7], [-2, -7, -9], [7, -7], [-1]]
23.580733333333335
Tabla número 20
[[-1, 3, 6, -7, -9], [-7, -4, 9, -10], [10, -8, 1], [-8, -5], [-4]]
25.779333333333334
Tabla número 21
[[5, 9, -7, 0, -2], [4, -3, 5, 10], [-2, 4, 4], [-8, 1], [-6]]
24.132800000000007
Tabla número 22
[[-9, 9, -9, -1, 0], [2, 6, 10, 1], [-8, -1, 0], [9, 0], [-7]]
25.125066666666665
Tabla número 23
[[-5, -5, -7, 10, 7], [-9, -1, -4, 7], [-8, -1, 5], [9, -1], [-3]]
24.601333333333333
Tabla número 24
[[-7, 4, -3, -2, -3], [5, 6, -10, 9], [-1, -4, 10], [0, 2], [-10]]
24.479466666666664
Tabla número 25
[[4, 6, -7, -7, 10], [-3, -3, -6, -8], [4, 7, 9], [8, -3], [-10]]
25.235400000000002
Tabla número 26
[[4, -6, -7, 7, -3], [1, 3, -6, 9], [5, 2, -7], [8, -8], [-9]]
25.74113333333333
Tabla número 27
[[0, -10, 9, -3, -10], [-1, -4, 5, -1], [10, 1, 2], [-2, -9], [-4]]
24.29953333333333
Tabla número 28
[[6, -7, -8, 7, 1], [3, -4, 6, -5], [-2, -3, -4], [7, 7], [8]]
25.93333333333333
Tabla número 29
[[7, -3, -1, 0, -1], [10, -9, -9, 5], [-2, -6, 5], [-1, -6], [-10]]
26.435733333333328
Tabla número 30
[[8, 5, -5, 0, 7], [5, -6, -10, 6], [10, 10, -1], [-5, -5], [-1]]
24.87913333333334
Tabla número 31
[[-8, -6, 4, -5, 2], [-9, -5, -6, -7], [-6, -3, -8], [3, -6], [-3]]
25.25626666666667
Tabla número 32
[[-2, 7, 5, -3, -5], [9, -10, 6, -6], [-6, 7, 9], [-9, -5], [-4]]
25.502200000000002
Tabla número 33
[[4, 6, 5, 9, 10], [-8, -6, 5, 2], [-1, 7, -7], [6, -8], [7]]
24.380733333333332
Tabla número 34
[[4, -3, 3, 10, -6], [5, -4, 8, 6], [6, 3, 3], [3, -1], [2]]
24.3474
Tabla número 35
[[4, 1, 10, -3, -7], [-10, 9, 4, 2], [-6, -3, 7], [10, 0], [-7]]
24.80706666666667
Tabla número 36
[[-4, -9, -7, 10, -9], [-5, 7, 6, -6], [9, 4, 6], [9, 9], [-2]]
25.524800000000006
Tabla número 37
[[1, 1, 0, 0, 0], [1, 0, 0, 0], [0, 0, 0], [0, 0], [0]]
25.236933333333337
Tabla número 38
[[4, 4, 0, 0, 0], [4, 0, 0, 0], [-1, 1, 0], [-1, 0], [0]]
24.484399999999997
Tabla número 39
[[-2, 4, 0, 0, 0], [3, 0, 0, 0], [-1, 1, 0], [-1, 0], [0]]
25.507933333333334
