Tabla número 0
[[-8, 10, 2, -8, 4], [1, -6, -4, 5], [5, -7, -3], [7, -8], [-3]]
23.534
Tabla número 1
[[4, 3, 0, -5, -5], [3, 0, -10, 0], [10, 5, -9], [-2, 0], [-3]]
23.534
Tabla número 2
[[-2, 9, 1, -5, 0], [1, -9, 0, -6], [-2, 2, -7], [0, 6], [-1]]
23.534
Tabla número 3
[[-8, 4, -7, 0, 8], [10, 3, -10, -5], [6, -3, -3], [10, -1], [0]]
23.534
Tabla número 4
[[9, -3, 1, 10, 0], [2, -3, -3, 0], [-6, 3, -5], [-8, 6], [-5]]
23.534
Tabla número 5
[[4, -9, -9, 3, -1], [3, -4, 5, -6], [10, 7, -7], [-1, 0], [-2]]
23.534
Tabla número 6
[[6, 4, -8, -5, 6], [-7, -3, -1, 7], [9, 1, 7], [-5, -6], [-4]]
23.534
Tabla número 7
[[0, 7, -7, 6, 5], [-9, 1, 6, 8], [6, -1, -1], [-2, -8], [-4]]
23.534
Tabla número 8
[[-9, 4, -4, 0, 7], [-8, -4, -3, -1], [9, -1, 3], [-5, -4], [-10]]
23.534
Tabla número 9
[[-7, -6, 0, 0, -7], [-5, -3, 6, -4], [-3, 4, 5], [-8, -1], [2]]
23.534
Tabla número 10
[[-5, 6, 5, 0, -2], [0, -1, -10, 2], [4, -4, -7], [8, -1], [-10]]
23.534
Tabla número 11
[[1, 5, 10, 1, 10], [6, 9, 2, -6], [1, -1, 0], [9, -1], [8]]
23.534
Tabla número 12
[[7, -5, -8, 0, -6], [10, -3, 4, -3], [-2, 7, 0], [3, -6], [-7]]
23.534
Tabla número 13
[[-1, -10, -3, 10, -1], [-7, -8, 9, -3], [8, -3, 10], [9, 7], [-6]]
23.534
Tabla número 14
[[6, 3, 5, 7, 10], [5, -6, 10, 10], [10, 4, -7], [0, 0], [-3]]
23.534
Tabla número 15
[[-2, 6, -1, 0, 8], [1, 4, 8, 7], [4, 2, -8], [8, 7], [-6]]
23.534
Tabla número 16
[[4, 10, 6, -7, 10], [3, -6, 10, 5], [-1, -3, 6], [5, 9], [1]]
23.534
Tabla número 17
[[1, 0, -7, -6, -3], [3, 0, 9, -6], [-10, -4, -7], [-9, -8], [-2]]
23.534
Tabla número 18
[[4, -7, -8, -7, 1], [5, -8, 0, 5], [-1, 7, 0], [-5, 8], [0]]
23.534
Tabla número 19
[[2, -8, 6, -7, 0], [9, -4, 0, -10], [-1, 0, -9], [-4, -8], [0]]
23.534
Tabla número 20
[[4, 9, 7, 10, 10], [2, 3, -3, 2], [-2, 9, 7], [-1, 0], [-8]]
24.622133333333334
Tabla número 21
[[-7, -9, -1, 7, 5], [-4, 6, 4, -5], [4, -7, -4], [-8, -9], [5]]
25.627466666666667
Tabla número 22
[[-8, -10, -2, 7, -4], [-9, -9, 5, 1], [6, -7, 1], [-9, -1], [6]]
25.732733333333332
Tabla número 23
[[9, -6, -9, -1, -10], [-9, -9, 0, 6], [-6, -8, 9], [-1, 0], [-9]]
26.5376
Tabla número 24
[[-5, 8, 3, 10, 0], [-5, -9, 4, 7], [-2, -8, -8], [6, -10], [-10]]
23.790666666666663
Tabla número 25
[[-4, 4, 4, -2, -2], [5, -8, -7, -8], [-2, 8, 10], [0, -1], [-2]]
24.458000000000006
Tabla número 26
[[2, 4, 0, 9, 2], [8, -2, 5, 8], [-9, 10, 3], [9, -3], [10]]
24.250733333333333
Tabla número 27
[[-4, 2, -6, 8, -9], [5, 9, 8, 10], [-1, -5, -6], [10, -6], [-10]]
26.02486666666666
Tabla número 28
[[4, -5, -5, -3, -9], [-10, -4, -6, -8], [-6, -1, 5], [-2, -5], [-10]]
26.734800000000003
Tabla número 29
[[6, 1, -8, 10, -5], [10, 7, 7, 0], [6, 5, 9], [-8, 10], [0]]
24.824133333333332
Tabla número 30
[[-2, 5, 8, 0, 5], [-3, -8, 5, -4], [-8, 5, -5], [-3, -5], [-6]]
24.599
Tabla número 31
[[4, 2, 9, 3, -3], [-9, -10, 9, -2], [-10, 7, 5], [4, 3], [-1]]
24.739266666666666
Tabla número 32
[[0, 2, -3, 1, -3], [4, -5, 6, 0], [4, -8, 3], [7, -8], [-9]]
24.524733333333337
Tabla número 33
[[-1, -1, 5, 4, 1], [-5, -10, -6, 0], [2, 10, 9], [4, 9], [-7]]
23.534
Tabla número 34
[[8, -3, -7, -3, -9], [-10, 0, -6, -1], [9, -8, 5], [3, 9], [-8]]
25.9634
Tabla número 35
[[6, 8, 5, -3, -9], [3, 0, 9, -7], [-6, 0, -4], [-9, 3], [-7]]
25.01286666666667
Tabla número 36
[[-10, -6, -2, -5, -7], [4, 8, -3, -4], [-2, 3, 4], [0, 0], [7]]
25.656066666666668
Tabla número 37
[[-3, 7, -2, -7, -9], [1, 5, -9, 3], [7, 1, -7], [9, -5], [8]]
24.715266666666665
Tabla número 38
[[5, 1, -6, -10, -10], [-1, 5, -9, -10], [0, -7, -3], [8, -4], [1]]
26.550533333333338
Tabla número 39
[[4, 2, -7, 2, 8], [6, 6, 6, 9], [-8, 4, -1], [-9, 4], [-4]]
23.557866666666662
