Tabla número 0
[[-3, -3, -2, 9, 2], [4, 5, -3, 3], [-1, 1, 3], [-1, -1], [8]]
23.804999999999996
Tabla número 1
[[-1, -6, -7, 10, -9], [3, 9, 9, -6], [10, 1, 9], [9, -5], [-2]]
23.650266666666663
Tabla número 2
[[5, 6, 5, 0, 8], [2, -6, 6, 8], [-9, -4, -5], [8, -4], [-4]]
24.99226666666667
Tabla número 3
[[1, 4, 0, -5, 10], [-5, -8, 9, 0], [9, -7, 9], [4, 0], [5]]
23.534
Tabla número 4
[[-8, 7, 10, 6, 7], [-9, 1, 4, 10], [-2, 8, -9], [4, -5], [-10]]
23.534
Tabla número 5
[[9, -6, 1, -7, -10], [3, -6, 10, 5], [-1, -3, 6], [5, 9], [-7]]
23.804999999999996
Tabla número 6
[[-8, 2, -8, -3, 8], [-1, 9, 9, -5], [-8, 7, -7], [8, 7], [-10]]
23.534
Tabla número 7
[[4, 7, -9, -7, 1], [-3, -1, 6, -6], [-2, -3, -7], [-8, -8], [6]]
23.599
Tabla número 8
[[4, -5, -1, 0, -5], [10, 7, 8, -8], [-8, -1, 5], [-8, 10], [-6]]
23.534
Tabla número 9
[[-1, 10, 5, -5, -2], [4, 4, -4, 5], [0, -1, -3], [7, -8], [-3]]
23.534
Tabla número 10
[[4, 2, -6, 10, 0], [10, -3, -10, -4], [4, 10, -1], [-8, 3], [-6]]
23.650266666666663
Tabla número 11
[[6, -4, -4, 7, 6], [9, -3, 5, -2], [9, -1, 0], [-1, -8], [0]]
23.534
Tabla número 12
[[-5, 4, -8, 10, 10], [1, -10, -6, 0], [-2, 9, 10], [0, -6], [-8]]
23.534
Tabla número 13
[[-4, -9, -7, -2, -9], [0, -3, 5, 2], [-6, -7, 5], [-9, 0], [0]]
23.534
Tabla número 14
[[2, -5, 7, 4, -6], [2, 6, 4, -5], [-1, 0, 7], [-8, 0], [0]]
23.534
Tabla número 15
[[7, 9, 4, 10, 0], [-5, 0, 4, -2], [-2, 5, -8], [-9, -10], [-7]]
23.534
Tabla número 16
[[-2, 9, -2, -1, 5], [-5, -9, 0, 1], [-6, 7, -7], [-1, 6], [-1]]
23.599
Tabla número 17
[[-9, -9, 8, -7, -5], [-4, -4, 4, 0], [-6, 10, 5], [-3, -4], [7]]
23.534
Tabla número 18
[[8, -3, -7, -3, -9], [3, 0, -6, -1], [-6, -8, -4], [-9, 9], [-8]]
23.599
Tabla número 19
[[4, -10, -3, 0, 0], [-8, 0, -3, 9], [3, -3, 7], [-2, -1], [-4]]
23.534
Tabla número 20
[[-7, -6, 6, -7, -3], [5, -9, 0, 2], [-2, 3, 4], [9, -5], [-6]]
24.1528
Tabla número 21
[[6, 3, 5, 7, 10], [5, -6, 10, 10], [10, 4, -7], [0, 0], [-3]]
23.919266666666665
Tabla número 22
[[4, 10, 6, 7, 10], [1, -10, -1, -10], [-8, -7, -9], [0, 0], [1]]
23.931266666666662
Tabla número 23
[[-2, -10, -5, -5, -2], [5, -8, 0, -6], [6, 2, 5], [0, -1], [-1]]
25.085800000000003
Tabla número 24
[[-10, 5, 5, 0, -7], [-9, -10, -9, -4], [7, 5, 3], [0, 6], [-4]]
23.760600000000004
Tabla número 25
[[4, 8, -8, 0, -7], [-9, 3, 5, 6], [6, -3, -1], [3, 3], [8]]
23.804999999999996
Tabla número 26
[[2, 5, 0, 8, 0], [-10, -6, -9, -8], [-1, -1, 3], [9, -1], [10]]
25.601799999999994
Tabla número 27
[[4, 3, 5, 1, -4], [3, -9, 0, -1], [1, 0, 0], [9, -1], [-10]]
25.7044
Tabla número 28
[[4, 4, -1, -5, 4], [-7, -8, -10, 7], [4, 2, 0], [-5, -3], [-5]]
24.623799999999996
Tabla número 29
[[-4, 2, -7, -3, -9], [-10, -4, 6, 0], [10, -5, 3], [8, 0], [1]]
24.812
Tabla número 30
[[1, 0, 0, -6, -1], [3, -8, 9, -4], [-10, -4, -7], [-8, -1], [2]]
25.434866666666665
Tabla número 31
[[6, -1, 3, 0, 1], [8, -2, -7, -3], [-2, 7, -6], [6, 4], [-7]]
25.447533333333332
Tabla número 32
[[0, 1, -9, -10, -3], [6, 5, 7, -7], [-3, 7, -3], [-2, -8], [-10]]
24.71186666666667
Tabla número 33
[[-8, 1, 2, -8, 5], [6, 3, -3, 7], [4, 3, -4], [-5, -6], [-10]]
24.429333333333332
Tabla número 34
[[9, -7, 9, 3, -10], [-9, -9, 5, 5], [-10, -8, 1], [-5, 8], [-9]]
23.599
Tabla número 35
[[0, 2, -8, 1, -3], [1, -5, 6, 7], [4, -8, -8], [7, 7], [8]]
25.164666666666665
Tabla número 36
[[6, 4, -3, 2, 5], [-7, 0, -6, 6], [5, 4, 10], [-9, -6], [-2]]
24.027733333333327
Tabla número 37
[[-7, 4, -7, 0, -9], [10, 6, -10, -3], [9, 4, -3], [10, -9], [-3]]
25.568666666666665
Tabla número 38
[[-2, 6, 1, 10, 7], [1, -4, 2, -10], [6, -7, 9], [3, -8], [0]]
24.998333333333328
Tabla número 39
[[-5, 8, -6, 3, -1], [5, -4, 8, 8], [5, -8, -7], [10, 9], [-10]]
24.275800000000004
