Tabla número 0
[[-4, 8, -8, -7, 8], [1, -8, 2, 7], [-6, -4, -1], [-9, -10], [5]]
24.160333333333334
Tabla número 1
[[1, 1, 0, 0, 0], [1, 0, 0, 0], [0, 0, 0], [0, 0], [0]]
24.80706666666667
Tabla número 2
[[6, 3, -9, 0, 1], [-10, -4, 10, -1], [-2, 0, 5], [-2, -8], [-9]]
24.92286666666666
Tabla número 3
[[-7, 4, -3, -2, -3], [5, 6, -10, 9], [-1, -4, 10], [0, 2], [-10]]
23.712066666666665
Tabla número 4
[[-2, -10, 3, 6, -9], [6, -3, 7, 5], [5, -7, 3], [-9, -1], [-10]]
24.160333333333334
Tabla número 5
[[6, 2, 1, 10, 5], [3, -6, -9, 8], [3, -8, 3], [-8, 10], [2]]
23.712066666666665
Tabla número 6
[[5, 9, -7, 0, -2], [4, -6, 5, 10], [-2, 7, -7], [-8, -8], [-6]]
24.31673333333333
Tabla número 7
[[-2, 4, 0, 0, 0], [3, 0, 0, 0], [-1, 1, 0], [-1, 0], [0]]
24.80706666666667
Tabla número 8
[[4, 4, 0, 0, 0], [4, 0, 0, 0], [-1, 1, 0], [-1, 0], [0]]
26.061866666666667
Tabla número 9
[[2, -6, -8, 1, -10], [-9, 3, -6, 10], [-2, 5, -7], [4, 3], [6]]
23.982266666666668
Tabla número 10
[[4, 9, 8, 0, -4], [3, 5, 4, 2], [6, -1, -3], [-8, -1], [8]]
23.712066666666665
Tabla número 11
[[-1, -6, 4, -5, -9], [-7, -4, -6, -7], [-6, -8, 1], [3, -6], [-4]]
24.31673333333333
Tabla número 12
[[-7, 2, 6, -7, 4], [-7, -8, 5, -2], [-9, -1, -5], [9, -8], [1]]
23.982266666666668
Tabla número 13
[[9, -6, -7, 2, -1], [1, 5, -10, 5], [9, 5, -7], [5, -8], [10]]
23.982266666666668
Tabla número 14
[[-5, -5, -7, 10, 7], [-9, -1, -4, 7], [-8, -1, 5], [9, -1], [-3]]
24.132800000000007
Tabla número 15
[[4, 6, -7, -7, 10], [-3, -3, -6, -8], [4, 7, 9], [8, -3], [-10]]
24.364199999999997
Tabla número 16
[[-9, 9, -9, -1, 0], [2, 6, 10, 1], [-8, -1, 0], [9, 0], [-7]]
23.712066666666665
Tabla número 17
[[-3, -4, 5, -5, 10], [-4, 9, -3, 3], [-8, 10, 10], [3, -4], [-6]]
23.715866666666667
Tabla número 18
[[-4, -9, -7, 10, -9], [-5, 7, 6, -6], [9, 4, 6], [9, 9], [-2]]
24.132800000000007
Tabla número 19
[[-10, -5, 5, 2, 8], [8, -9, -8, -8], [-3, 4, -3], [4, -1], [0]]
24.364199999999997
Tabla número 20
[[4, 8, -8, 3, -7], [5, -9, 6, 6], [-10, -3, -7], [-6, 9], [5]]
25.453266666666668
Tabla número 21
[[6, -3, 3, 10, 10], [2, -4, 8, 0], [6, -1, -4], [3, 7], [-8]]
23.804999999999996
Tabla número 22
[[0, -10, 5, -3, 1], [9, -4, 5, -5], [-2, 7, -4], [-2, -5], [-10]]
25.1438
Tabla número 23
[[-2, 7, 9, -3, -10], [-1, -4, 6, -1], [10, 7, 2], [-9, -9], [-4]]
26.2766
Tabla número 24
[[-1, 5, 5, -10, -9], [10, -9, 9, -4], [-10, 3, -3], [-3, 6], [-4]]
24.64346666666667
Tabla número 25
[[-8, 0, 5, 10, -2], [6, -8, 9, -3], [7, 8, 7], [3, 8], [-3]]
23.91393333333333
Tabla número 26
[[-8, 3, -8, -7, -5], [-9, -5, 9, -10], [10, -3, -8], [7, 7], [8]]
25.02846666666667
Tabla número 27
[[-1, -7, 6, 7, 2], [3, -10, 6, -6], [-6, -3, 9], [-8, -5], [-3]]
25.696133333333332
Tabla número 28
[[8, 5, 10, -5, 7], [-5, -6, 4, -4], [1, 10, 7], [-9, -1], [-7]]
24.454733333333323
Tabla número 29
[[0, 10, -6, 0, -5], [-10, 1, -3, 2], [-6, -7, -9], [-5, 0], [-2]]
25.43066666666667
Tabla número 30
[[2, 1, -2, 7, -1], [5, -2, -3, -2], [10, -3, 5], [10, -5], [10]]
25.057533333333335
Tabla número 31
[[4, -5, -5, -3, -7], [10, 9, -10, 6], [6, -8, -1], [0, -8], [-1]]
25.423799999999996
Tabla número 32
[[-8, -1, -6, -6, 6], [0, -1, -7, -6], [-2, 7, -7], [7, 4], [-6]]
24.76573333333333
Tabla número 33
[[6, 2, -1, -8, 5], [5, -6, 9, 7], [6, -7, -9], [-5, -7], [-1]]
24.781666666666663
Tabla número 34
[[4, 4, 7, 7, -3], [-9, 3, 4, 9], [5, 2, 9], [8, -4], [-9]]
23.78506666666667
Tabla número 35
[[4, 6, 5, 9, 10], [-8, -3, 5, 2], [-1, 4, 4], [6, 1], [7]]
25.3676
Tabla número 36
[[1, 2, -3, 3, -6], [3, -10, 8, -4], [-8, 3, 3], [-9, -1], [2]]
25.040733333333332
Tabla número 37
[[7, -3, -1, 0, -1], [10, -9, -9, 5], [-2, -6, 5], [-1, -6], [-10]]
24.95253333333334
Tabla número 38
[[4, 7, -4, 1, -9], [1, 0, 4, -5], [-2, -8, -7], [8, 9], [-1]]
23.321533333333335
Tabla número 39
[[-5, -9, -2, 4, 5], [-5, -8, -1, 1], [5, -7, 3], [-5, 3], [-7]]
25.16953333333333
