Tabla número 0
[[4, 4, -1, -5, 5], [-7, 3, -3, 7], [4, 3, -4], [-5, -6], [-5]]
23.534
Tabla número 1
[[6, 3, 5, 7, 10], [5, -6, 10, 10], [10, 4, -7], [0, 0], [-3]]
23.534
Tabla número 2
[[4, 4, -7, 0, -9], [10, 6, -10, 9], [9, -3, -3], [10, -1], [-4]]
23.534
Tabla número 3
[[-8, 10, 2, -8, 4], [1, -6, -4, 5], [5, -7, -3], [7, -8], [-3]]
23.534
Tabla número 4
[[-5, -1, -6, 0, 1], [5, -2, 8, -3], [5, 7, -7], [10, 9], [-7]]
25.039133333333332
Tabla número 5
[[1, 0, -7, -6, -3], [3, 0, 9, -6], [-10, -4, -7], [-9, -8], [-2]]
23.534
Tabla número 6
[[6, 1, 4, 10, -9], [-10, -8, 7, 7], [-2, 8, 9], [-2, -5], [-10]]
24.372666666666667
Tabla número 7
[[-8, 8, -7, -3, 8], [-1, 3, 9, -5], [6, -7, 5], [3, 3], [0]]
23.534
Tabla número 8
[[4, -5, -1, 0, -5], [10, 7, 8, -8], [-8, -1, 5], [-8, 10], [-6]]
23.534
Tabla número 9
[[4, -3, -8, 10, 0], [2, -3, 9, -4], [-8, 1, -5], [-8, 3], [-6]]
23.534
Tabla número 10
[[-5, 4, 1, 10, 0], [1, -4, 4, 0], [-2, 5, 10], [0, -10], [0]]
23.534
Tabla número 11
[[-4, 6, 5, 9, -9], [0, -1, -10, 2], [-9, 10, 3], [8, -1], [-10]]
23.534
Tabla número 12
[[-10, -6, -2, -5, -7], [1, 8, -9, -4], [7, 3, 4], [0, 0], [7]]
23.534
Tabla número 13
[[-1, -6, 0, 10, -1], [-7, -8, 6, -4], [-3, -3, 10], [-8, -1], [2]]
23.534
Tabla número 14
[[8, -3, -7, -3, -9], [3, 0, -6, -1], [-6, -8, -4], [-9, 9], [-8]]
23.534
Tabla número 15
[[9, 5, 8, 0, -3], [-9, -10, -1, 0], [-6, 5, -5], [-3, 6], [-4]]
23.534
Tabla número 16
[[-4, 4, -4, 2, -10], [5, -9, 5, -7], [-8, -1, -8], [-9, -6], [-7]]
23.534
Tabla número 17
[[-1, 2, 5, 0, -2], [10, -6, 4, 10], [4, -4, 0], [4, -3], [-10]]
23.534
Tabla número 18
[[6, 2, 0, 8, 0], [-10, -4, -9, -8], [-2, -8, 3], [6, 4], [10]]
23.534
Tabla número 19
[[-3, 7, -2, -7, -9], [4, 5, -3, 3], [-2, 1, -7], [9, -5], [8]]
23.534
Tabla número 20
[[4, 2, -8, -7, 1], [-3, -8, 5, -2], [-1, 7, 0], [4, -5], [0]]
24.9554
Tabla número 21
[[1, -6, -9, 7, 10], [-9, 9, 2, 6], [-6, -3, 9], [-9, 0], [8]]
24.96033333333333
Tabla número 22
[[9, -10, -2, -1, -10], [-9, -9, 5, 1], [6, -8, 1], [-1, -1], [-9]]
27.006800000000002
Tabla número 23
[[-2, -7, 9, 3, 5], [5, -8, 0, 5], [-10, 7, 5], [-5, 8], [-1]]
24.10053333333333
Tabla número 24
[[5, 1, -6, -10, 8], [6, 5, 6, -10], [0, 4, -3], [8, -4], [1]]
25.839533333333335
Tabla número 25
[[0, 7, -7, 6, 5], [-9, 1, 6, 8], [6, -1, -1], [-2, -8], [-4]]
23.988333333333337
Tabla número 26
[[7, -5, -8, 4, -6], [-5, -10, -6, 0], [-2, 10, 9], [3, -6], [-7]]
26.174933333333332
Tabla número 27
[[-7, 9, 7, 10, 10], [-4, 6, 4, 2], [-2, 9, 7], [-8, 0], [-8]]
24.335866666666668
Tabla número 28
[[6, -9, 1, 7, 6], [2, -3, -3, -5], [9, -7, 7], [-1, -9], [5]]
24.841933333333326
Tabla número 29
[[2, -8, 6, -7, 0], [9, -4, 0, -10], [-1, 0, -9], [0, -8], [0]]
25.133000000000003
Tabla número 30
[[4, -9, -9, -2, 2], [3, 9, 5, -6], [-1, 7, -7], [-1, 0], [-2]]
23.534
Tabla número 31
[[4, 10, 6, -7, 10], [3, -6, 10, 5], [-1, -3, 6], [5, 9], [1]]
23.534
Tabla número 32
[[0, 2, -3, 1, -3], [4, -5, 6, 6], [4, -8, 3], [7, -8], [-9]]
24.72106666666667
Tabla número 33
[[-2, 6, -8, -3, 8], [1, 4, -6, 7], [4, 2, -8], [8, 7], [-10]]
24.04253333333333
Tabla número 34
[[-7, -10, -3, 0, -7], [-5, -3, 9, -3], [8, 4, 5], [9, 7], [-6]]
23.534
Tabla número 35
[[2, 8, 3, 3, -1], [8, -4, -7, 8], [10, -5, -6], [9, -1], [-2]]
23.534
Tabla número 36
[[-9, 4, 0, 0, -5], [-8, 0, -3, 0], [9, 5, -1], [-2, -4], [-3]]
23.534
Tabla número 37
[[-2, 9, -5, -5, -2], [-5, -9, 0, -6], [-6, 2, -7], [0, 6], [-1]]
23.534
Tabla número 38
[[-8, 5, 10, 1, -4], [6, -9, 0, -2], [1, -1, 0], [9, -1], [6]]
25.947799999999994
Tabla número 39
[[4, 3, 5, -5, 7], [3, 0, -10, -1], [10, 0, -9], [-5, 0], [-10]]
24.531399999999998
